0.000000000000000000e+00 4.445701156098465223e-02 1.093050782850931713e+00 7.676729227730094696e-01 1.308234725395917053e+02 1.704156401231757627e+02 1.066395175481588960e-07 1.901790658328792279e-08 5.260100554900367601e-04 2.949507523200803946e-03 1.821443849753449488e-07
1.000000000000000000e+00 5.795523845949043240e-01 3.756835160244699434e+00 4.615431520602618354e-02 5.031326758367979046e+00 1.090109719082357600e+02 8.070209907617200576e-10 7.963263776412741630e-08 5.119686135334781341e+00 5.188443197831813652e-02 7.523722027912593834e-05
2.000000000000000000e+00 2.506199413558066191e-01 1.668872726101726656e+00 2.034622582822789738e+00 6.193036591141666491e+01 3.043825741160105380e+01 9.205252961701687730e-06 1.264876783152386427e-06 4.446571150576165109e-03 3.236031588092423000e-02 8.697465355232443792e-07
3.000000000000000000e+00 6.915486939522512422e-02 1.148585123607607894e+00 4.434521715829070065e-01 6.669038254818703138e+01 1.503891215824584435e+02 7.358766816592304167e-07 2.604371845931377566e-07 5.047563119639301640e-03 1.426211086081427895e-02 2.052379615201031297e-06
4.000000000000000000e+00 1.766717291678033264e-01 1.429164733986915126e+00 5.512805417083101567e+00 8.972006226398903550e+01 1.627484655742867048e+01 1.025600507426645213e-06 6.972477943342935615e-08 3.294348019988935965e-05 4.845744982479952023e-04 1.098698580371369997e-07
5.000000000000000000e+00 1.548084668732783165e-01 1.366327538328682145e+00 5.678288645999362005e-01 2.006043340477603110e+01 3.532830867784365125e+01 2.623947847411605509e-07 4.776335544270180523e-07 2.074580967601132378e-02 1.139700553648990457e-02 5.779956398984027979e-06
6.000000000000000000e+00 7.870022467315530845e-02 1.170846073733677439e+00 1.061854822702196000e+00 3.801587528408670380e+01 3.580138684810447103e+01 4.695250134351519648e-07 2.270120111892683822e-07 8.580722420411486051e-04 1.774735966004899711e-03 1.816475440683912559e-06
7.000000000000000000e+00 3.691741711671259196e-01 2.170447227407145352e+00 4.354792008001609815e+00 2.308405127784919486e+01 5.300838991950465484e+00 1.830909192519064577e-04 2.010561356352375055e-05 1.048765167648309845e-03 9.550535626153513341e-03 1.539983233160799008e-05
8.000000000000000000e+00 1.088013141088982894e-01 1.244168479669847782e+00 7.309756095680522980e-01 1.267026961286132121e+02 1.733336851054227452e+02 1.889996523098331972e-08 7.869259446944121855e-09 3.250524402196332090e-03 7.806935150401039802e-03 4.188949110939297480e-08
9.000000000000000000e+00 1.113236463828815165e-01 1.250538108569601237e+00 2.864671170868652528e+00 3.313233992145473508e+02 1.156584401671764510e+02 4.694607632149668883e-09 5.838223529438187340e-10 3.355750651993977588e-04 2.698412032873663720e-03 6.538515758205586770e-10
0.000000000000000000e+00 8.146418262508907382e-02 1.177378347330877206e+00 6.737241126854691675e-01 1.318217145141135838e+01 1.956612685104460425e+01 1.503571715428542222e-06 1.736741546186206822e-06 2.708380373615183311e-03 2.344761161113471850e-03 5.468470853942325287e-05
1.000000000000000000e+00 6.039922560950332642e-01 4.050406288216314543e+00 6.406507801705462191e-01 1.452313124910602227e+01 2.266934139257561398e+01 1.296194254254492943e-07 2.291207983431746434e-07 8.842741717514738045e-03 5.002562442599202408e-03 1.752779917695905613e-05
2.000000000000000000e+00 3.281929812056596507e-01 1.977045407458385418e+00 1.997057744518160316e+00 3.908730911634420124e+01 1.957244812957323177e+01 1.520406647596481064e-05 2.906833277156701697e-06 6.982942849338899353e-03 3.652398233966150376e-02 2.938697843521734001e-06
3.000000000000000000e+00 1.465796584878925890e-01 1.343511049263671708e+00 8.831654045679724341e-01 1.032703558549452438e+01 1.169320665424650585e+01 1.980376671681874119e-06 2.143199735256830202e-06 1.646031477419906833e-03 1.520979255974851986e-03 9.624618379914623130e-05
4.000000000000000000e+00 1.597268303306109971e-01 1.380178342225199417e+00 7.700813768079028954e+00 2.216955042634778010e+02 2.878858143309961193e+01 2.152253224512874493e-06 4.979133465277456952e-08 3.751274150861143942e-05 1.621505417262960160e-03 1.304302757945885241e-08
5.000000000000000000e+00 1.574715644639755607e-01 1.373807121094472450e+00 7.339048702848764982e-01 1.998864487386740407e+01 2.723601611487944041e+01 1.771162230925185582e-06 1.772849304315286534e-06 1.366006230744158494e-02 1.364706316105620924e-02 1.160807202686482216e-05
6.000000000000000000e+00 6.206748228580222931e-02 1.132349569107732101e+00 1.147539620298986929e+00 3.618054253399783704e+01 3.152879595091552289e+01 6.639996588470613693e-07 2.750289845701425508e-07 4.436132856272362009e-04 1.071011009173781711e-03 2.583111209245877351e-06
7.000000000000000000e+00 3.498344823064674647e-01 2.076139760679736490e+00 3.827295194086286934e+00 1.739940539296467037e+01 4.546136242600051780e+00 4.442907087250683954e-04 5.923508292084228918e-05 1.805833445030279299e-03 1.354459184608711696e-02 4.190394516371721839e-05
8.000000000000000000e+00 8.916493961344597319e-02 1.195787236331471215e+00 1.792756683742693147e+00 7.563828223667987061e+01 4.219104740905035555e+01 1.414651913368606699e-07 3.895498277617529408e-08 4.976892855310578343e-04 1.807360830024969155e-03 1.253613958693922184e-07
9.000000000000000000e+00 1.306905478841234314e-01 1.300676698190790681e+00 1.643357667435328739e+00 6.007727180048783566e+01 3.655763622915159772e+01 2.948434779118602946e-08 1.394011785231651246e-08 6.671384146304041836e-04 1.411045534206484698e-03 1.271584306219456719e-07
0.000000000000000000e+00 6.357181642352403850e-02 1.135775102754224886e+00 2.110815588032070700e+00 3.093835793216986758e+02 1.465706341548004730e+02 1.114851006561352939e-11 3.621369165242094308e-12 7.070290517724838386e-06 2.176613358290352572e-05 2.321659032656194608e-10
1.000000000000000000e+00 4.458597718160582923e-01 2.609194745803797844e+00 2.678197057834549977e+00 5.983462332995483024e+01 2.234138192143858959e+01 1.841163174853325765e-05 1.988380336392244569e-06 1.502418830013272895e-03 1.391181642867028029e-02 9.325891057139509927e-07
2.000000000000000000e+00 2.585521763982529531e-01 1.697425140833992652e+00 1.633808954882294939e+00 2.060455552170013789e+02 1.261136160389362004e+02 1.215066521393029978e-07 1.469932099818626710e-08 1.502669735452644194e-03 1.242127910863581944e-02 1.420201660516060850e-08
3.000000000000000000e+00 1.758256404933025152e-01 1.426670979181010823e+00 9.206689778846814942e-01 4.634043237602200094e+01 5.033343524020245496e+01 1.532747146480477249e-07 1.096404235406995712e-07 3.389919474827482807e-03 4.739027116136284440e-03 4.999795915469257393e-07
4.000000000000000000e+00 1.527178683587405994e-01 1.360488821032759921e+00 8.839687698475664490e+00 3.103076991505682258e+02 3.510392105866798573e+01 3.501305234957714848e-08 1.326602006584894274e-09 6.362857137083655030e-06 1.679351070839299909e-04 9.614674768525228993e-10
5.000000000000000000e+00 1.281882483256022165e-01 1.294073228720315827e+00 3.360792850070837279e-01 4.769879643826160986e+01 1.419272135063493465e+02 1.679734074614865695e-10 8.317212980648369087e-10 6.429449985844172197e-03 1.298483788666023346e-03 6.976092759593431650e-08
6.000000000000000000e+00 5.873857509699053486e-02 1.124808206398223875e+00 3.299681471998300530e+00 2.218183778634090686e+02 6.722417898388081881e+01 7.472657004181727210e-09 9.755130738231509344e-10 2.306771376806449753e-05 1.767040519342505140e-04 2.226126155403590498e-09
7.000000000000000000e+00 2.678596342777482264e-01 1.731716612875200179e+00 3.284883892801036431e+00 3.518181996882723439e+01 1.071021720004463518e+01 6.501909983857117573e-06 1.033293042820714449e-06 2.293063373647033964e-04 1.442890934601949926e-03 2.395088908889266590e-06
8.000000000000000000e+00 1.193150570821118958e-02 1.024151171254100712e+00 1.431259296874160869e+00 1.992873672989014722e+02 1.392391775090235058e+02 1.275486361296624845e-12 7.418198234998089676e-13 1.647509919008701342e-07 2.832731568000550524e-07 9.149535524311279956e-10
9.000000000000000000e+00 1.465129759487182048e-01 1.343327951849248025e+00 3.100013553488248697e+00 2.084084745507583193e+03 6.722824624952024806e+02 1.383553951989299696e-10 2.150627282027541235e-12 1.562796096845701747e-06 1.005387002207960243e-04 2.282828114413273844e-11
0.000000000000000000e+00 2.521979103662662022e-02 1.051744569298235010e+00 1.212526221697167950e+00 1.250463834913718557e+02 1.031288076527903428e+02 9.363450907122025323e-10 4.319742821300000529e-10 2.967425846466752623e-05 6.432176030691250383e-05 1.307041178808936298e-08
1.000000000000000000e+00 4.837332120206846997e-01 2.873966031841916013e+00 1.134935988267204543e+00 3.918538569403960281e+01 3.452651611996813585e+01 2.073356084959828474e-07 1.714261215357906691e-07 1.363463566597699662e-02 1.649075098415590801e-02 4.816754970147760992e-07
2.000000000000000000e+00 3.108944727063182034e-01 1.902313101238039206e+00 1.798530638404866044e+00 4.086172799690245370e+02 2.271950620376593406e+02 4.278543979719848505e-08 2.853944252700143630e-09 9.937509773390411361e-04 1.489800390253592267e-02 2.492289195325654922e-09
3.000000000000000000e+00 1.663293335709740417e-01 1.399028873796015482e+00 6.744614905687552620e-01 5.042031073171233402e+01 7.475639667610117556e+01 1.353213315268698002e-07 1.036727984205369821e-07 5.875143572026782918e-03 7.668667800913754259e-03 5.795174192473388070e-07
4.000000000000000000e+00 1.223128961467156717e-01 1.278716402712832156e+00 7.674338165309026571e+00 2.375236896551555787e+02 3.095038093693269943e+01 6.102809431557365784e-08 2.745216308585939354e-09 7.345088817061408803e-06 1.632865037563419335e-04 2.636312500483956430e-09
5.000000000000000000e+00 1.429560341890433739e-01 1.333602568577155534e+00 3.413065074697523293e+00 6.038677812948415067e+02 1.769282940930618508e+02 4.499945489930582719e-10 5.072954199686281684e-11 1.558282101433715891e-04 1.382268445242388396e-03 5.079676440801611831e-11
6.000000000000000000e+00 6.689748526075517399e-02 1.143387214596564672e+00 2.224371639430056113e+00 1.974386874204821822e+02 8.876155581226133506e+01 3.639275954353884408e-09 6.235014078788744475e-10 2.466364753260996082e-05 1.439576852239023359e-04 4.531180679938149421e-09
7.000000000000000000e+00 3.479222116109868534e-01 2.067118732783534529e+00 4.113244214393867892e+00 4.999196069911832296e+01 1.215390044777226919e+01 1.141840507820436090e-05 1.293779609248596805e-06 6.162137048343390095e-04 5.438466989463546994e-03 7.370901636581934106e-07
8.000000000000000000e+00 3.093549034653010968e-02 1.063846090819263068e+00 3.084395157147713284e+00 3.173132600776341974e+02 1.028769803837549972e+02 9.263508069069908741e-11 1.690914290713749194e-11 2.564800990207688649e-06 1.405101062710784628e-05 3.111822881315042247e-10
9.000000000000000000e+00 7.347533876111204953e-02 1.158604172851407155e+00 1.520671761518831655e+00 1.386470665283291055e+02 9.117488075786309309e+01 7.405947579246021175e-10 3.925820133909652058e-10 1.262573177688971137e-04 2.381808246424817958e-04 4.164729198538101476e-09
0.000000000000000000e+00 6.122659737598022678e-02 1.130439565511426325e+00 8.730578620064980422e-01 9.069948525264746308e+01 1.038871410472132197e+02 2.151787909316516610e-08 9.616598610386505388e-09 6.315074964394645253e-04 1.413046598423606075e-03 9.706230551165020595e-08
1.000000000000000000e+00 4.308247794447897516e-01 2.513856414987762466e+00 2.557929863029754447e+00 4.052487461545136682e+01 1.584284041605872950e+01 2.188112994843027773e-05 3.351723832034694975e-06 1.539594468197248581e-03 1.005096729764210460e-02 2.415121878885130715e-06
2.000000000000000000e+00 2.614809876565244995e-01 1.708122562279853929e+00 1.926550131478649730e+00 8.898211954796656187e+01 4.618728477087265816e+01 1.247418766916079532e-07 2.421958650048114122e-08 5.025695006661746620e-04 2.588461313318355869e-03 1.140038411292374799e-07
3.000000000000000000e+00 1.556551896221198272e-01 1.368700530183770470e+00 6.726747663204049044e-01 1.594159223104107070e+02 2.369881111825124549e+02 2.289958349849934927e-07 4.642703159358344706e-08 6.317464015244367466e-03 3.116014307833702562e-02 8.324847278630313038e-08
4.000000000000000000e+00 1.766133446906967552e-01 1.428992487434357139e+00 6.612877334446050526e+00 1.735606671680722570e+02 2.624586218528596859e+01 4.504199512557241174e-08 2.464617040405101119e-09 5.021413152717786905e-06 9.176860463117799001e-05 8.416861240886051026e-09
5.000000000000000000e+00 1.521697237524662627e-01 1.358962702832373415e+00 6.664944302274242727e-01 4.445671554291968874e+01 6.670230616593445916e+01 6.076884368107306157e-09 1.113199670267055654e-08 5.649690048608766064e-03 3.084128935539989878e-03 1.717407133952731860e-07
6.000000000000000000e+00 8.804788009530982451e-02 1.193097593993228234e+00 2.317971374127461015e+00 8.991679490388203533e+01 3.879115847050908172e+01 9.235902649804867785e-08 2.107506960348858871e-08 1.437427068240880630e-04 6.299355930131592812e-04 5.468160448635091196e-08
7.000000000000000000e+00 2.800052582381908906e-01 1.777798064338706574e+00 3.168820327514857649e+00 2.274441151139525630e+01 7.177564254402685862e+00 3.406679430090522978e-05 5.895056242397410052e-06 4.767696195390093298e-04 2.755192128777884681e-03 1.242775212193531592e-05
8.000000000000000000e+00 4.981098175735455130e-02 1.104844364228664277e+00 1.147573707022166989e+00 1.482085949042152606e+02 1.291495212876573930e+02 7.026065526802551806e-10 3.974437299955865722e-10 1.623653611090334172e-04 2.870317431973817661e-04 4.918337797757916111e-09
9.000000000000000000e+00 1.709098173693109068e-01 1.412282815427911453e+00 4.221409510944464039e+00 2.262776508335137748e+02 5.360239281378986931e+01 1.719265337731181142e-08 1.922554821613745944e-09 1.262883344669303966e-04 1.129347020786369967e-03 1.711775222585814844e-09
0.000000000000000000e+00 9.559746672584727711e-02 1.211404685875351550e+00 2.721977350385853978e+00 5.994795597134399259e+02 2.202367920616461561e+02 2.765611039755212345e-10 3.434793691255597261e-11 6.894150062480023039e-05 5.550999342715694836e-04 6.775078854681699922e-11
1.000000000000000000e+00 5.833748927873295687e-01 3.800478812668099948e+00 2.988872578062390595e+00 3.127073861930477392e+02 1.046238600093711426e+02 2.363140452084126209e-08 3.063768566893377727e-09 2.127621148821498206e-03 1.641072911909915305e-02 6.964658039767357080e-10
2.000000000000000000e+00 2.415650627686099228e-01 1.637009322514664467e+00 1.173565085970408539e+00 2.018737836907370209e+01 1.720175438960078651e+01 9.481263995009932215e-07 6.828717769017643616e-07 2.126249071271253850e-03 2.952168978974734851e-03 8.427914046273702331e-06
3.000000000000000000e+00 2.199874669176624109e-01 1.564061364625382922e+00 5.221757033319459618e-01 2.941541931172354296e+01 5.633241670193954320e+01 3.579277319799155861e-06 2.632583748345187866e-06 2.809547767026509407e-02 3.819878705751156983e-02 9.055090811932466112e-06
4.000000000000000000e+00 2.148644815944621977e-01 1.547330942385109154e+00 4.209877349935100987e+00 1.140623774625572082e+02 2.709399062761664112e+01 6.623716405047794792e-07 5.439500326994416854e-08 8.676838762438053045e-05 1.056584535338599357e-03 4.942843729962726553e-08
5.000000000000000000e+00 2.719124173878117445e-01 1.746922276609253366e+00 1.002166354108045221e+00 4.012969480241711295e+01 4.004294759838909812e+01 6.739442422232415624e-07 3.805611791521416787e-07 1.139625055522150779e-02 2.018187315305340623e-02 1.204081553947125707e-06
6.000000000000000000e+00 6.702475316783214343e-02 1.143679595777934432e+00 1.284310856612309815e+00 4.054309884482482573e+01 3.156797954022390229e+01 3.830803606385678112e-08 2.609939609675707134e-08 1.452176409530510804e-04 2.131467948957220212e-04 4.834046123255395392e-07
7.000000000000000000e+00 1.903451136530030785e-01 1.470188266291586610e+00 3.696649603671732454e+00 3.054295458200418523e+01 8.262334236836268886e+00 1.025437893110021283e-05 1.232388528654246918e-06 8.870983226230851580e-05 7.381310469721691532e-04 5.821872237042438138e-06
8.000000000000000000e+00 7.443113002543519374e-02 1.160833261445969988e+00 3.072056200510341117e+00 2.239459377670861500e+02 7.289773466054542439e+01 1.789583636873678960e-09 3.161974019191001241e-10 2.865651818994956608e-05 1.621874048656087009e-04 1.349448568160469191e-09
9.000000000000000000e+00 1.899207048003605514e-01 1.468894109319398789e+00 1.245380943409191143e+00 4.822551895208532358e+01 3.872350802162548433e+01 6.299590244645819453e-08 4.512059323899666917e-08 1.790630732545086309e-03 2.500020297772763845e-03 2.323608361169333609e-07
0.000000000000000000e+00 8.146418262508907382e-02 1.177378347330877206e+00 6.737241126854691675e-01 1.318217145141135838e+01 1.956612685104460425e+01 1.503571715428542222e-06 1.736741546186206822e-06 2.708380373615183311e-03 2.344761161113471850e-03 5.468470853942325287e-05
1.000000000000000000e+00 6.039922560950332642e-01 4.050406288216314543e+00 6.406507801705462191e-01 1.452313124910602227e+01 2.266934139257561398e+01 1.296194254254492943e-07 2.291207983431746434e-07 8.842741717514738045e-03 5.002562442599202408e-03 1.752779917695905613e-05
2.000000000000000000e+00 3.281929812056596507e-01 1.977045407458385418e+00 1.997057744518160316e+00 3.908730911634420124e+01 1.957244812957323177e+01 1.520406647596481064e-05 2.906833277156701697e-06 6.982942849338899353e-03 3.652398233966150376e-02 2.938697843521734001e-06
3.000000000000000000e+00 1.465796584878925890e-01 1.343511049263671708e+00 8.831654045679724341e-01 1.032703558549452438e+01 1.169320665424650585e+01 1.980376671681874119e-06 2.143199735256830202e-06 1.646031477419906833e-03 1.520979255974851986e-03 9.624618379914623130e-05
4.000000000000000000e+00 1.597268303306109971e-01 1.380178342225199417e+00 7.700813768079028954e+00 2.216955042634778010e+02 2.878858143309961193e+01 2.152253224512874493e-06 4.979133465277456952e-08 3.751274150861143942e-05 1.621505417262960160e-03 1.304302757945885241e-08
5.000000000000000000e+00 1.574715644639755607e-01 1.373807121094472450e+00 7.339048702848764982e-01 1.998864487386740407e+01 2.723601611487944041e+01 1.771162230925185582e-06 1.772849304315286534e-06 1.366006230744158494e-02 1.364706316105620924e-02 1.160807202686482216e-05
6.000000000000000000e+00 6.206748228580222931e-02 1.132349569107732101e+00 1.147539620298986929e+00 3.618054253399783704e+01 3.152879595091552289e+01 6.639996588470613693e-07 2.750289845701425508e-07 4.436132856272362009e-04 1.071011009173781711e-03 2.583111209245877351e-06
7.000000000000000000e+00 3.498344823064674647e-01 2.076139760679736490e+00 3.827295194086286934e+00 1.739940539296467037e+01 4.546136242600051780e+00 4.442907087250683954e-04 5.923508292084228918e-05 1.805833445030279299e-03 1.354459184608711696e-02 4.190394516371721839e-05
8.000000000000000000e+00 8.916493961344597319e-02 1.195787236331471215e+00 1.792756683742693147e+00 7.563828223667987061e+01 4.219104740905035555e+01 1.414651913368606699e-07 3.895498277617529408e-08 4.976892855310578343e-04 1.807360830024969155e-03 1.253613958693922184e-07
9.000000000000000000e+00 1.306905478841234314e-01 1.300676698190790681e+00 1.643357667435328739e+00 6.007727180048783566e+01 3.655763622915159772e+01 2.948434779118602946e-08 1.394011785231651246e-08 6.671384146304041836e-04 1.411045534206484698e-03 1.271584306219456719e-07
0.000000000000000000e+00 1.083985159193195796e-01 1.243154633218422678e+00 1.272315035378438042e+00 8.825812462417275128e+01 6.936813774107542940e+01 1.520498530193301086e-09 1.035154198349974838e-09 6.563245879053281658e-04 9.640501606721805714e-04 2.196614341842645301e-08
1.000000000000000000e+00 6.148591866045125531e-01 4.192905894256059973e+00 9.185025544293001776e-01 3.037474918327497164e+01 3.306985814769772958e+01 6.355782784130742825e-08 6.190089920587353872e-08 5.266872552657598204e-03 5.407853250250616028e-03 1.468022250273386020e-06
2.000000000000000000e+00 3.254644502511958026e-01 1.965003105833037944e+00 1.738548026742059882e+00 2.689803253328435773e+01 1.547154989079579401e+01 2.018875191999023097e-05 6.137738612430962319e-06 1.129301162422333485e-02 3.714589761923904609e-02 6.838277513611914691e-06
3.000000000000000000e+00 1.290896740232733153e-01 1.296447682781804556e+00 5.862732267992721846e-01 2.312605572809468768e+01 3.944586699677584107e+01 6.027278696341303129e-07 6.059371052197473641e-07 6.084473063716933604e-03 6.052247759625799077e-03 1.006424165195152688e-05
4.000000000000000000e+00 1.745021359312214360e-01 1.422780345114696088e+00 6.709112471169186520e+00 1.303153935133470611e+02 1.942364121533905674e+01 4.858294724401926933e-07 2.393221699489690295e-08 1.769534606527985919e-05 3.592195677222334051e-04 3.174598646657968229e-08
5.000000000000000000e+00 1.694126303050090543e-01 1.407934520765036224e+00 4.428181935529160174e-01 2.509825198981490146e+01 5.667845710773784162e+01 5.097125675666457954e-08 1.300801457227901619e-07 4.208361721128639488e-02 1.649025565128846293e-02 1.973348730849243462e-06
6.000000000000000000e+00 8.288312699111106963e-02 1.180747142333532729e+00 1.253641404017271643e+00 7.531175270733480431e+01 6.007439804237450431e+01 4.108090480497795951e-07 9.967272627705377720e-08 7.831605470627459910e-04 3.227858320185813742e-03 3.359925532056671463e-07
7.000000000000000000e+00 3.649643034152570409e-01 2.149429253750789748e+00 4.198902065590830901e+00 2.119557950292781001e+01 5.047886131143990873e+00 1.682035753390891033e-04 1.952285422390214806e-05 8.484633809167545573e-04 7.310128558956396731e-03 2.086080926665628173e-05
8.000000000000000000e+00 8.653126328604460182e-02 1.189456430873213622e+00 1.412473941907428143e+00 1.122717605246582906e+02 7.948589860216794989e+01 2.784534544394351984e-08 8.395618760892399941e-09 5.988377624648184546e-04 1.986136440399615972e-03 3.470218183336547188e-08
9.000000000000000000e+00 1.046116655190063305e-01 1.233667698115910483e+00 3.218059677397436591e+00 2.542250899315310164e+02 7.899949516695482998e+01 6.250367290878071991e-10 8.766505343361634897e-11 2.108458528382061884e-05 1.503294608717893979e-04 1.175157962725168773e-09
0.000000000000000000e+00 5.715075294105458059e-02 1.121229885094200185e+00 2.177621935696113731e+00 1.898700286299403501e+02 8.719145666083913682e+01 2.080076710235157308e-10 6.455091452971458359e-11 1.443473588850573521e-05 4.651422548979513921e-05 1.684857885892847482e-09
1.000000000000000000e+00 4.475356343901570888e-01 2.620142989299013792e+00 2.581163288475806894e+00 3.647401561162940453e+01 1.413084393942683725e+01 5.579244828300905181e-05 7.248848777882498395e-06 1.793871980880829518e-03 1.380695235704295157e-02 5.023975139761257535e-06
2.000000000000000000e+00 2.420960270394025837e-01 1.638856730341981871e+00 1.312113581373691051e+00 2.656493400236594766e+02 2.024591039942923203e+02 1.558792666865119199e-07 1.439619936993707292e-08 1.781482950495684361e-03 1.928955336070791934e-02 1.367423931822672204e-08
3.000000000000000000e+00 1.340837537841200189e-01 1.309692200302457143e+00 7.479057132648054829e-01 1.213813295557518757e+02 1.622949623233794796e+02 1.052782271955662898e-07 3.261368880003255466e-08 2.957172590267806087e-03 9.545865532831250208e-03 8.581753147692530294e-08
4.000000000000000000e+00 1.422008131530761166e-01 1.331548025070469432e+00 7.370888116060416273e+00 2.673341909468633162e+02 3.626892536387430255e+01 5.859513239501529923e-09 2.783631013427446736e-10 1.226988571277601504e-06 2.582797699636839143e-05 1.596768959709781177e-09
5.000000000000000000e+00 1.703366551760180370e-01 1.410616321038399068e+00 2.997518782256078929e-01 4.592610091006500994e+01 1.532137219020152088e+02 4.919878742461687171e-10 2.519019751085507232e-09 2.641646232817114470e-02 5.159379611986121029e-03 9.542969235495985957e-08
6.000000000000000000e+00 6.923427604271013835e-02 1.148768426384139341e+00 2.893121091346640750e+00 1.306606470072953528e+02 4.516252271572830779e+01 3.306510604487440198e-08 5.616938298144600921e-09 4.254994603347357976e-05 2.504778231701821180e-04 1.420457005496929571e-08
7.000000000000000000e+00 2.409511429898505974e-01 1.634876505680921577e+00 3.079639895234508540e+00 3.256055778472401130e+01 1.057284581717129335e+01 5.080405199905212679e-06 8.671270147877309836e-07 1.577310189432833956e-04 9.241293088094696285e-04 3.220060653603608578e-06
8.000000000000000000e+00 5.555444663649060366e-02 1.117644572392005653e+00 2.727110164428364847e+00 2.531179706260796536e+02 9.281545495582729188e+01 6.415468134450741568e-10 1.364258291350589004e-10 1.898013748331533204e-05 8.925470197520820952e-05 7.243796095190486071e-10
9.000000000000000000e+00 1.654038400306950540e-01 1.396368562339846520e+00 9.023370265693525738e+00 7.140379775430783411e+02 7.913207111292115314e+01 1.239730231633569223e-09 4.293033935627206897e-11 6.312745703176951126e-06 1.822976899366158068e-04 3.940060937080401135e-11
0.000000000000000000e+00 6.357181642352403850e-02 1.135775102754224886e+00 2.110815588032070700e+00 3.093835793216986758e+02 1.465706341548004730e+02 1.114851006561352939e-11 3.621369165242094308e-12 7.070290517724838386e-06 2.176613358290352572e-05 2.321659032656194608e-10
1.000000000000000000e+00 4.458597718160582923e-01 2.609194745803797844e+00 2.678197057834549977e+00 5.983462332995483024e+01 2.234138192143858959e+01 1.841163174853325765e-05 1.988380336392244569e-06 1.502418830013272895e-03 1.391181642867028029e-02 9.325891057139509927e-07
2.000000000000000000e+00 2.585521763982529531e-01 1.697425140833992652e+00 1.633808954882294939e+00 2.060455552170013789e+02 1.261136160389362004e+02 1.215066521393029978e-07 1.469932099818626710e-08 1.502669735452644194e-03 1.242127910863581944e-02 1.420201660516060850e-08
3.000000000000000000e+00 1.758256404933025152e-01 1.426670979181010823e+00 9.206689778846814942e-01 4.634043237602200094e+01 5.033343524020245496e+01 1.532747146480477249e-07 1.096404235406995712e-07 3.389919474827482807e-03 4.739027116136284440e-03 4.999795915469257393e-07
4.000000000000000000e+00 1.527178683587405994e-01 1.360488821032759921e+00 8.839687698475664490e+00 3.103076991505682258e+02 3.510392105866798573e+01 3.501305234957714848e-08 1.326602006584894274e-09 6.362857137083655030e-06 1.679351070839299909e-04 9.614674768525228993e-10
5.000000000000000000e+00 1.281882483256022165e-01 1.294073228720315827e+00 3.360792850070837279e-01 4.769879643826160986e+01 1.419272135063493465e+02 1.679734074614865695e-10 8.317212980648369087e-10 6.429449985844172197e-03 1.298483788666023346e-03 6.976092759593431650e-08
6.000000000000000000e+00 5.873857509699053486e-02 1.124808206398223875e+00 3.299681471998300530e+00 2.218183778634090686e+02 6.722417898388081881e+01 7.472657004181727210e-09 9.755130738231509344e-10 2.306771376806449753e-05 1.767040519342505140e-04 2.226126155403590498e-09
7.000000000000000000e+00 2.678596342777482264e-01 1.731716612875200179e+00 3.284883892801036431e+00 3.518181996882723439e+01 1.071021720004463518e+01 6.501909983857117573e-06 1.033293042820714449e-06 2.293063373647033964e-04 1.442890934601949926e-03 2.395088908889266590e-06
8.000000000000000000e+00 1.193150570821118958e-02 1.024151171254100712e+00 1.431259296874160869e+00 1.992873672989014722e+02 1.392391775090235058e+02 1.275486361296624845e-12 7.418198234998089676e-13 1.647509919008701342e-07 2.832731568000550524e-07 9.149535524311279956e-10
9.000000000000000000e+00 1.465129759487182048e-01 1.343327951849248025e+00 3.100013553488248697e+00 2.084084745507583193e+03 6.722824624952024806e+02 1.383553951989299696e-10 2.150627282027541235e-12 1.562796096845701747e-06 1.005387002207960243e-04 2.282828114413273844e-11
0.000000000000000000e+00 7.227563608568711440e-02 1.155812736836482557e+00 9.463368512361177709e-01 9.915661835185826334e+00 1.047794114984939640e+01 9.402698328501413500e-06 8.766494992964343928e-06 2.000997348622253480e-03 2.146214016015094653e-03 1.328846124390172217e-04
1.000000000000000000e+00 5.060975351033570879e-01 3.049382503929257027e+00 2.733697472576200216e+00 2.532043918601883803e+01 9.262341367333961628e+00 1.219809931128443313e-03 1.213323909162897999e-04 7.959757019699103056e-03 8.002307206405463724e-02 3.290371832277599645e-05
2.000000000000000000e+00 1.601031555167620191e-01 1.381244807784147488e+00 2.370462164965859042e+00 4.069010518696214262e+01 1.716547337828874120e+01 7.102762217495229298e-06 1.154147803422211586e-06 8.521012972465243432e-04 5.243932260335669449e-03 2.458727433636644945e-06
3.000000000000000000e+00 4.056116583685841215e-02 1.084551853422187850e+00 4.945085098839810400e-01 6.962822456451122299e+00 1.408028844252791956e+01 1.146341458082060739e-06 2.695769378357148238e-06 1.395137272073861123e-03 5.932642857114223253e-04 3.146108543870519366e-04
4.000000000000000000e+00 2.323650970273442584e-01 1.605405241808347983e+00 5.802462069935583777e+00 6.884125892495552534e+01 1.186414630465990605e+01 6.243991941164080601e-06 4.395373132698908732e-07 1.388887922532877563e-04 1.973030442161888016e-03 2.668783437190367822e-07
5.000000000000000000e+00 9.573998351063262024e-02 1.211753216474895201e+00 1.800265667133102543e+00 7.211139461649970883e+01 4.005597392263558731e+01 8.057723823594871950e-07 1.529895470833735787e-07 8.831217742574180027e-04 4.651266374225843277e-03 3.165282383407072540e-07
6.000000000000000000e+00 1.087780819560604934e-01 1.244109979240204167e+00 4.561639778761667152e+00 1.150987135705370434e+02 2.523187256179673810e+01 4.838064647116005902e-06 2.405558487695884119e-07 1.196481762858938994e-04 2.406366815612709376e-03 1.107611969210955540e-07
7.000000000000000000e+00 2.985179232440332564e-01 1.851106345081664717e+00 2.756701437776352126e+00 1.225015691626002834e+01 4.443773543406070559e+00 2.362527361831836962e-04 5.159550390578313125e-05 1.418432104101493337e-03 6.494916035629363926e-03 1.225134880889492328e-04
8.000000000000000000e+00 8.768079460560797289e-02 1.192215167864856928e+00 1.888031088176193029e+00 4.909238706093997706e+01 2.600189550287671025e+01 1.352609217560300441e-07 5.122755411992640939e-08 2.585076473731472732e-04 6.825620169726915373e-04 3.367150767738674512e-07
9.000000000000000000e+00 9.706005092700153991e-02 1.214986724259233597e+00 6.099460481844253046e+00 1.211768488398987813e+02 1.986681431916734653e+01 1.353903417447338065e-08 8.974066149086241725e-10 1.193676402453158236e-06 1.800881042950783594e-05 2.837496756200038863e-08
0.000000000000000000e+00 9.559746672584727711e-02 1.211404685875351550e+00 2.721977350385853978e+00 5.994795597134399259e+02 2.202367920616461561e+02 2.765611039755212345e-10 3.434793691255597261e-11 6.894150062480023039e-05 5.550999342715694836e-04 6.775078854681699922e-11
1.000000000000000000e+00 5.833748927873295687e-01 3.800478812668099948e+00 2.988872578062390595e+00 3.127073861930477392e+02 1.046238600093711426e+02 2.363140452084126209e-08 3.063768566893377727e-09 2.127621148821498206e-03 1.641072911909915305e-02 6.964658039767357080e-10
2.000000000000000000e+00 2.415650627686099228e-01 1.637009322514664467e+00 1.173565085970408539e+00 2.018737836907370209e+01 1.720175438960078651e+01 9.481263995009932215e-07 6.828717769017643616e-07 2.126249071271253850e-03 2.952168978974734851e-03 8.427914046273702331e-06
3.000000000000000000e+00 2.199874669176624109e-01 1.564061364625382922e+00 5.221757033319459618e-01 2.941541931172354296e+01 5.633241670193954320e+01 3.579277319799155861e-06 2.632583748345187866e-06 2.809547767026509407e-02 3.819878705751156983e-02 9.055090811932466112e-06
4.000000000000000000e+00 2.148644815944621977e-01 1.547330942385109154e+00 4.209877349935100987e+00 1.140623774625572082e+02 2.709399062761664112e+01 6.623716405047794792e-07 5.439500326994416854e-08 8.676838762438053045e-05 1.056584535338599357e-03 4.942843729962726553e-08
5.000000000000000000e+00 2.719124173878117445e-01 1.746922276609253366e+00 1.002166354108045221e+00 4.012969480241711295e+01 4.004294759838909812e+01 6.739442422232415624e-07 3.805611791521416787e-07 1.139625055522150779e-02 2.018187315305340623e-02 1.204081553947125707e-06
6.000000000000000000e+00 6.702475316783214343e-02 1.143679595777934432e+00 1.284310856612309815e+00 4.054309884482482573e+01 3.156797954022390229e+01 3.830803606385678112e-08 2.609939609675707134e-08 1.452176409530510804e-04 2.131467948957220212e-04 4.834046123255395392e-07
7.000000000000000000e+00 1.903451136530030785e-01 1.470188266291586610e+00 3.696649603671732454e+00 3.054295458200418523e+01 8.262334236836268886e+00 1.025437893110021283e-05 1.232388528654246918e-06 8.870983226230851580e-05 7.381310469721691532e-04 5.821872237042438138e-06
8.000000000000000000e+00 7.443113002543519374e-02 1.160833261445969988e+00 3.072056200510341117e+00 2.239459377670861500e+02 7.289773466054542439e+01 1.789583636873678960e-09 3.161974019191001241e-10 2.865651818994956608e-05 1.621874048656087009e-04 1.349448568160469191e-09
9.000000000000000000e+00 1.899207048003605514e-01 1.468894109319398789e+00 1.245380943409191143e+00 4.822551895208532358e+01 3.872350802162548433e+01 6.299590244645819453e-08 4.512059323899666917e-08 1.790630732545086309e-03 2.500020297772763845e-03 2.323608361169333609e-07
0.000000000000000000e+00 1.074751772070013933e-01 1.240834035003478997e+00 1.204398720936294520e+00 5.066990861655720124e+01 4.207070942184878959e+01 7.516455905883369102e-08 4.083630177024754035e-08 1.346070030519269612e-03 2.477618097631136256e-03 3.543173048603323438e-07
1.000000000000000000e+00 4.986356364317168222e-01 2.989114794210160575e+00 2.600327763483950338e+00 6.641041773448675656e+01 2.553924880819996446e+01 1.048113153439345037e-03 3.986712012844254933e-05 6.719310162062743473e-03 1.766517706873989013e-01 5.255155592034392872e-06
2.000000000000000000e+00 2.196688601547840958e-01 1.563014466392708357e+00 2.211270732755353130e+00 5.379508363042150876e+01 2.432767857574371106e+01 1.234452323916576970e-05 1.658589213156493607e-06 2.624225651899017402e-03 1.953154782854951699e-02 1.352747644277917032e-06
3.000000000000000000e+00 5.890362359631749756e-02 1.125180853041667373e+00 4.301185241155445205e-01 1.933263336111293640e+01 4.494722332842268031e+01 4.735117214209945974e-07 6.397248527782190759e-07 3.757679136843767535e-03 2.781360000174171957e-03 2.119994183594539668e-05
4.000000000000000000e+00 1.864398537932359934e-01 1.458330842931563121e+00 6.237096374093183293e+00 1.103021332371726402e+02 1.768485311455678044e+01 2.965601173636319036e-08 1.903330815821609441e-09 1.562383794009586868e-06 2.434367780245861679e-05 4.215958965361417118e-08
5.000000000000000000e+00 1.204322071892301588e-01 1.273844058806141266e+00 5.551308003830588422e-01 1.624236194430802271e+01 2.925862145119717539e+01 1.043004714283156586e-07 2.516944105262491380e-07 5.989531312316672719e-03 2.482021504582185550e-03 8.006413506058041011e-06
6.000000000000000000e+00 7.312393721770708843e-02 1.157785792845278383e+00 1.486630525081675147e+00 2.805740391806760314e+01 1.887315203387616336e+01 1.345824978561862228e-06 5.976681777787904496e-07 4.235472826932249781e-04 9.537407776485652385e-04 3.702208503430804271e-06
7.000000000000000000e+00 3.350084759272798918e-01 2.007557130579742832e+00 3.110843221120069835e+00 1.351406102394705933e+01 4.344179395540631816e+00 2.381055597738106222e-04 4.277947916472718830e-05 1.089132956938736836e-03 6.061986200940633167e-03 9.597725743653609759e-05
8.000000000000000000e+00 6.992822261201600553e-02 1.150371668750991727e+00 1.722443652324535668e+00 1.009390252732321329e+02 5.860222198677395511e+01 1.437081629053919068e-08 5.056804533687588819e-09 2.597689970834852861e-04 7.382315274784970790e-04 2.622310226449539357e-08
9.000000000000000000e+00 2.154031041793036394e-01 1.549079674739191503e+00 3.589454993425602147e+00 1.159427601663051490e+02 3.230093715582570724e+01 2.069775136795058404e-07 2.396323058087781593e-08 2.704948994331021913e-04 2.336344490726866875e-03 3.204232588323016343e-08
0.000000000000000000e+00 6.608663916855067599e-02 1.141526274149701869e+00 1.228732179385032097e+00 1.614323815058738774e+02 1.313812596547028875e+02 7.004734510186342384e-09 1.839763342817352613e-09 1.762212281737854272e-04 6.709465775777679036e-04 1.413781704802610653e-08
1.000000000000000000e+00 5.201411577871253300e-01 3.167892355128805182e+00 2.031728134761777493e+00 9.445463814173864137e+01 4.648980172379881282e+01 5.509276226006988523e-08 1.457818486408087233e-08 1.367993930871090353e-03 5.169818129580370375e-03 4.346681769126150967e-08
2.000000000000000000e+00 2.826649439877070846e-01 1.788097393591937312e+00 1.740674464574527569e+00 1.318921916127093539e+02 7.577073961669663049e+01 1.206867997955220541e-08 2.535363746257196094e-09 2.708238121111092148e-04 1.289158576964122196e-03 2.471311754448999898e-08
3.000000000000000000e+00 1.348415280228621171e-01 1.311715211468045039e+00 7.006232946040130694e-01 3.235553816493819568e+01 4.618107678424437523e+01 1.104989950095240359e-07 1.222060531622563968e-07 3.264160901159040944e-03 2.951461812194874131e-03 1.519733942440571187e-06
4.000000000000000000e+00 1.239150933485576311e-01 1.282883753407381588e+00 5.234802192137215648e+00 1.223714341810600246e+02 2.337651542304015351e+01 1.046433846687445517e-07 8.550459903170113274e-09 1.059881561441331074e-05 1.297118461383518133e-04 2.437383440637763918e-08
5.000000000000000000e+00 1.576218925836319618e-01 1.374230743168455060e+00 2.106702612647674666e+00 2.048499376442422601e+02 9.723723529577327440e+01 3.678126071233199800e-09 9.771788746309597634e-10 5.568755384380263398e-04 2.096093652387310668e-03 1.812822450339511223e-09
6.000000000000000000e+00 3.760253151493635204e-02 1.078143454749787677e+00 1.712224289801921318e+00 3.316202763560341964e+02 1.936780586113503375e+02 1.597020011369928156e-08 1.437690976390664448e-09 3.979913942067356324e-05 4.420979413092334331e-04 3.480198434821845349e-09
7.000000000000000000e+00 2.946935239170572762e-01 1.835646726381119587e+00 3.964559136744048917e+00 4.566053076529030363e+01 1.151717736837434813e+01 5.995985529043732503e-06 7.462591290549232346e-07 2.495756686727444349e-04 2.005271412435951587e-03 9.449051490483540281e-07
8.000000000000000000e+00 3.187423752888798173e-02 1.065847307786810472e+00 1.843679538210811764e+00 1.490185220853287831e+02 8.082669411732091191e+01 6.759172834082028717e-10 2.676587628845410183e-10 2.007042862071632496e-05 5.068374912875435239e-05 3.804453597953332176e-09
9.000000000000000000e+00 7.814692405613746229e-02 1.169543121556816168e+00 1.767448110777272374e+00 3.078816811316029884e+02 1.741955983059698383e+02 2.090268959120717534e-10 5.600117802803219003e-11 7.051805005498102536e-05 2.632117685343401286e-04 4.963422838363854993e-10
0.000000000000000000e+00 2.521979103662662022e-02 1.051744569298235010e+00 1.212526221697167950e+00 1.250463834913718557e+02 1.031288076527903428e+02 9.363450907122025323e-10 4.319742821300000529e-10 2.967425846466752623e-05 6.432176030691250383e-05 1.307041178808936298e-08
1.000000000000000000e+00 4.837332120206846997e-01 2.873966031841916013e+00 1.134935988267204543e+00 3.918538569403960281e+01 3.452651611996813585e+01 2.073356084959828474e-07 1.714261215357906691e-07 1.363463566597699662e-02 1.649075098415590801e-02 4.816754970147760992e-07
2.000000000000000000e+00 3.108944727063182034e-01 1.902313101238039206e+00 1.798530638404866044e+00 4.086172799690245370e+02 2.271950620376593406e+02 4.278543979719848505e-08 2.853944252700143630e-09 9.937509773390411361e-04 1.489800390253592267e-02 2.492289195325654922e-09
3.000000000000000000e+00 1.663293335709740417e-01 1.399028873796015482e+00 6.744614905687552620e-01 5.042031073171233402e+01 7.475639667610117556e+01 1.353213315268698002e-07 1.036727984205369821e-07 5.875143572026782918e-03 7.668667800913754259e-03 5.795174192473388070e-07
4.000000000000000000e+00 1.223128961467156717e-01 1.278716402712832156e+00 7.674338165309026571e+00 2.375236896551555787e+02 3.095038093693269943e+01 6.102809431557365784e-08 2.745216308585939354e-09 7.345088817061408803e-06 1.632865037563419335e-04 2.636312500483956430e-09
5.000000000000000000e+00 1.429560341890433739e-01 1.333602568577155534e+00 3.413065074697523293e+00 6.038677812948415067e+02 1.769282940930618508e+02 4.499945489930582719e-10 5.072954199686281684e-11 1.558282101433715891e-04 1.382268445242388396e-03 5.079676440801611831e-11
6.000000000000000000e+00 6.689748526075517399e-02 1.143387214596564672e+00 2.224371639430056113e+00 1.974386874204821822e+02 8.876155581226133506e+01 3.639275954353884408e-09 6.235014078788744475e-10 2.466364753260996082e-05 1.439576852239023359e-04 4.531180679938149421e-09
7.000000000000000000e+00 3.479222116109868534e-01 2.067118732783534529e+00 4.113244214393867892e+00 4.999196069911832296e+01 1.215390044777226919e+01 1.141840507820436090e-05 1.293779609248596805e-06 6.162137048343390095e-04 5.438466989463546994e-03 7.370901636581934106e-07
8.000000000000000000e+00 3.093549034653010968e-02 1.063846090819263068e+00 3.084395157147713284e+00 3.173132600776341974e+02 1.028769803837549972e+02 9.263508069069908741e-11 1.690914290713749194e-11 2.564800990207688649e-06 1.405101062710784628e-05 3.111822881315042247e-10
9.000000000000000000e+00 7.347533876111204953e-02 1.158604172851407155e+00 1.520671761518831655e+00 1.386470665283291055e+02 9.117488075786309309e+01 7.405947579246021175e-10 3.925820133909652058e-10 1.262573177688971137e-04 2.381808246424817958e-04 4.164729198538101476e-09
0.000000000000000000e+00 7.023113201638440939e-02 1.151072238348213039e+00 3.915201458727898043e+00 1.237194148135882642e+03 3.159975702854033557e+02 5.785759948668558442e-12 7.452432951723300417e-13 2.423674839909450038e-05 1.881640654559816142e-04 1.678282285187110416e-12
1.000000000000000000e+00 4.905886723655277781e-01 2.926100366254710483e+00 1.214014867295268418e+00 5.647063323204434226e+01 4.651560269427059069e+01 5.403022902567602862e-08 3.973492846104395899e-08 7.609544455195315672e-03 1.034720447775191489e-02 1.233644720637901409e-07
2.000000000000000000e+00 2.419646336767327377e-01 1.638399326538930945e+00 1.474934826268772037e+00 1.688914223362065741e+02 1.145077188010137235e+02 4.366720995335634302e-09 1.288718672558614538e-09 7.728596805911391995e-04 2.618773721176311398e-03 6.486622330984915188e-09
3.000000000000000000e+00 1.808395330525072731e-01 1.441524073363513514e+00 8.596160900157630014e-01 4.167431625965563313e+01 4.848014915459695828e+01 1.097361693285191759e-07 1.006818451989821954e-07 4.715854016247576427e-03 5.139951039164632716e-03 5.329841013667166138e-07
4.000000000000000000e+00 1.224785247814985933e-01 1.279146501231782862e+00 8.082596176048355119e+00 2.580898684948219852e+02 3.193155551425855165e+01 4.551625272629357844e-08 1.886075717328890830e-09 5.414702741740215849e-06 1.306718368549069417e-04 2.009227739795496098e-09
5.000000000000000000e+00 1.636305926237712760e-01 1.391287847644012032e+00 1.779563680156857952e+00 3.177369729048573390e+02 1.785476835967177749e+02 4.736116730314509672e-10 1.515812459105611903e-10 7.625882200688764495e-04 2.382687123141880459e-03 3.024515184426296551e-10
6.000000000000000000e+00 6.593729557377650541e-02 1.141183873976170382e+00 1.924901579294286957e+00 1.758089308862531652e+02 9.133398443712054871e+01 2.477013085079054376e-09 5.986915683099579168e-10 4.165900125655715700e-05 1.723590187099358030e-04 4.835813335804800973e-09
7.000000000000000000e+00 3.547037801742400354e-01 2.099351799302390464e+00 4.277227108256158594e+00 5.162460842594246913e+01 1.206964398179689368e+01 1.170025914252198388e-05 1.258671506016575261e-06 6.046250737302684376e-04 5.620425991130240453e-03 6.649889928915674752e-07
8.000000000000000000e+00 3.494772882728753444e-02 1.072426602933786777e+00 1.807218641226767897e+00 2.474724227758658799e+02 1.369355191067959368e+02 7.710024027908445106e-11 3.007502376196558051e-11 1.701458006139905342e-05 4.361852616856753929e-05 5.365014115992110597e-10
9.000000000000000000e+00 6.065552264460561532e-02 1.129144364196132955e+00 1.804901863243370430e+00 1.942613613778097204e+02 1.076298746950851779e+02 5.531048006049068423e-11 2.156821348301700524e-11 8.067242423910146929e-06 2.068799307750596766e-05 1.417534411410244680e-09
0.000000000000000000e+00 1.250301995905764019e-01 1.285793177163534473e+00 1.263998327878404604e+00 3.768839936072373575e+02 2.981681109023533622e+02 3.621701907211079546e-10 1.098941038089493367e-10 6.686213978395482999e-04 2.203528040018857322e-03 3.369402149528809003e-10
1.000000000000000000e+00 5.390562000762375572e-01 3.338923748037805783e+00 1.341260339930623990e+00 5.618325692295144336e+02 4.188840544249410414e+02 9.493895099959977437e-10 1.563353087581986147e-10 2.338237970894824994e-03 1.419959840854222513e-02 2.057410226629376081e-10
2.000000000000000000e+00 2.755398666057092272e-01 1.760676409658957553e+00 9.281714573406145696e-01 2.103105967260292530e+01 2.265859341641560221e+01 9.159587472037935449e-07 1.021064353978246848e-06 1.356930044075985858e-02 1.217251330312827014e-02 4.774683164682189026e-06
3.000000000000000000e+00 1.333134940219658782e-01 1.307639482332830116e+00 4.630496883930835805e-01 1.216286294693609022e+02 2.626686347451121719e+02 1.254516124083553085e-06 2.704259518764932262e-07 1.166498254961883738e-02 5.411429115476900503e-02 4.586245685777678572e-07
4.000000000000000000e+00 1.856208239369138424e-01 1.455858473283296872e+00 4.653684047539212720e+00 1.273936795567817910e+02 2.737480203971847814e+01 5.806254399806908856e-07 4.293580122871056981e-08 6.441656861949654153e-05 8.711121587672017007e-04 3.206030590779654168e-08
5.000000000000000000e+00 1.764005771479983387e-01 1.428364984854286313e+00 1.248512270735733454e+00 3.322658600421384989e+01 2.661294308676183107e+01 1.834702229677419599e-06 8.475915676556802120e-07 4.442948062530188008e-03 9.617234323379337743e-03 2.466206348237961565e-06
6.000000000000000000e+00 1.080279103135927260e-01 1.242222624592597580e+00 1.634677531413214036e+00 5.908239022785510741e+01 3.614314694640545156e+01 2.402337192653755601e-08 1.134201791011870753e-08 1.521840119713276074e-04 3.223388597895083911e-04 1.377814842863578746e-07
7.000000000000000000e+00 2.531884013399622324e-01 1.678051604432078792e+00 3.755093077834236848e+00 3.708116084667427970e+01 9.874897926115048463e+00 3.685433033819682274e-05 3.772240477329868344e-06 4.699273561222803487e-04 4.591133073717747030e-03 3.580334537633071233e-06
8.000000000000000000e+00 4.698845044265369947e-02 1.098610453282499844e+00 2.205402695207133945e+00 1.892146786767415563e+02 8.579597689254219972e+01 8.542644852390750780e-10 2.608124211935039865e-10 3.804072706220316253e-05 1.245985217007852081e-04 1.720810555249022586e-09
9.000000000000000000e+00 1.585932621087745575e-01 1.376971695059748813e+00 1.039642445708470975e+00 4.850063843987572909e+01 4.665126807786754171e+01 2.751064324889863904e-08 2.573517634229076367e-08 1.884342271005664746e-03 2.014342831265866600e-03 1.910686199798779381e-07
0.000000000000000000e+00 1.062957521929325938e-01 1.237876797506012538e+00 2.351059891095994558e+00 4.916941963643650411e+02 2.091372483646733826e+02 3.049288352459074516e-11 7.612567437962021852e-12 6.541517464879146465e-05 2.620268808863733404e-04 4.966231611240691002e-11
1.000000000000000000e+00 5.640871786349649364e-01 3.588073353146895350e+00 6.101191358884323623e-01 5.804377192683080722e+01 9.513514412608886062e+01 1.741335709164252302e-09 3.465997213803054274e-09 1.342296796580847405e-02 6.743771561253857592e-03 5.973884103949937844e-08
2.000000000000000000e+00 3.230703180948942821e-01 1.954516626263651746e+00 1.110635170040905617e+00 2.671092266189108599e+01 2.405013219679267067e+01 1.124622976953010656e-06 8.663455257240756776e-07 1.138422899632535526e-02 1.477812849955186490e-02 2.683695434362508486e-06
3.000000000000000000e+00 1.675670358280567374e-01 1.402595867872058255e+00 5.706861586688023458e-01 1.051248383829043433e+02 1.842077940493971653e+02 2.720038939616130190e-06 5.381348374318116114e-07 1.362026436675779772e-02 6.884454762723225818e-02 6.423207964308590046e-07
4.000000000000000000e+00 1.899215043291657135e-01 1.468896546060983077e+00 4.649943743930515794e+00 1.350393605511016233e+02 2.904107404038295215e+01 6.114338688749003497e-07 4.436277376276109211e-08 7.954553039311999297e-05 1.096343336421356975e-03 2.641950705256292006e-08
5.000000000000000000e+00 2.587405186649477939e-01 1.698110513740588745e+00 1.962943540230039474e+00 5.956630735146372047e+01 3.034540022709113671e+01 6.713693935005016877e-07 1.946233520154617541e-07 3.316539199478736339e-03 1.144067701956847337e-02 2.453097739648120197e-07
6.000000000000000000e+00 1.080962381873430411e-01 1.242394399072057176e+00 1.424596760621257063e+00 4.573661772955357208e+01 3.210495699120370006e+01 2.711575311798482405e-08 1.552968861219425433e-08 1.396419014393432553e-04 2.438230037260348884e-04 3.433031292790791765e-07
7.000000000000000000e+00 2.399640612456797606e-01 1.631454511582635769e+00 4.068059431755122191e+00 4.500348100611056168e+01 1.106264098671102225e+01 2.815346982432862137e-05 2.416781453122311395e-06 3.478450871481468271e-04 4.052102498516937067e-03 1.999079604437803985e-06
8.000000000000000000e+00 4.518461764194282165e-02 1.094645768128185592e+00 1.993207323591515312e+00 1.821765732249690473e+02 9.139870753470300713e+01 6.923770898473200411e-10 2.381516268318474052e-10 3.875369797496190514e-05 1.126684414533585954e-04 1.931537791961879690e-09
9.000000000000000000e+00 1.416611166571115910e-01 1.330082020997109815e+00 5.496859090570184181e-01 3.152549902443699636e+01 5.735184130609919606e+01 5.915966159468249889e-09 1.446176703632260836e-08 2.833365921138383467e-03 1.159062849287025238e-03 5.607012857190417037e-07
0.000000000000000000e+00 1.154197361864599536e-01 1.260959329318225075e+00 3.492367818713540739e+00 2.873879004634747162e+03 8.229027278384950250e+02 5.185900648071892800e-12 3.441206206884870174e-13 6.725984271290042578e-05 1.013606395385981346e-03 2.729688660330042104e-13
1.000000000000000000e+00 5.615837786342297022e-01 3.561875000358167842e+00 6.717967020105857223e-01 6.315435100805103730e+01 9.400812897568511062e+01 2.287283840998784741e-09 3.891532741906141259e-09 1.313772852716380869e-02 7.721819694337626015e-03 4.811825893547707432e-08
2.000000000000000000e+00 2.795887547671534468e-01 1.776192089219225334e+00 8.339083805346846345e-01 2.110759113841597667e+01 2.531164289880649676e+01 6.113494898376322887e-07 8.024228289898594802e-07 1.889919738548360983e-02 1.439891072703034132e-02 4.205147048322773098e-06
3.000000000000000000e+00 1.535643505238880879e-01 1.362849439573898591e+00 4.546264245058119768e-01 1.481969896685904153e+01 3.259753100134544468e+01 1.719574930775123160e-06 2.973867437388618247e-06 1.819707608130426840e-02 1.052206814917600042e-02 3.353761088625970330e-05
4.000000000000000000e+00 1.804121251597645692e-01 1.440250839960102835e+00 5.418866323068151303e+00 3.088912979244095709e+02 5.700293742428323185e+01 1.050161008439881923e-06 2.903852809500338535e-08 8.633048928513181481e-05 3.122090534002731899e-03 4.892411867910737318e-09
5.000000000000000000e+00 2.037315120566599302e-01 1.511715621405218535e+00 1.585772035089068499e+00 4.096901271531067579e+01 2.583537343878659343e+01 2.336699167900591743e-06 6.869531087412478414e-07 2.352642308584744404e-03 8.002609282766040555e-03 1.633232142643219253e-06
6.000000000000000000e+00 1.229397773436877450e-01 1.280345121504531614e+00 1.116324188975808207e+00 4.308711089958099905e+01 3.859731010497232262e+01 3.301336713307144729e-09 2.791712633333996954e-09 6.952043224692611666e-05 8.221131092123434543e-05 3.255877456711766966e-07
7.000000000000000000e+00 2.522349097206133539e-01 1.674636762265462764e+00 3.824908250324776215e+00 4.013858731329302998e+01 1.049400003513413004e+01 3.376093701894311783e-05 3.252856050090404929e-06 4.487446527235648664e-04 4.657457853927079484e-03 2.836670660236414269e-06
8.000000000000000000e+00 8.065962054295520642e-03 1.016263101669542701e+00 2.996858730990057396e+00 2.737362540518837477e+02 9.134106029797769111e+01 7.205301208101448895e-11 1.350903730913921366e-11 3.190075137209777427e-07 1.701487064849672740e-06 5.641487851040196436e-10
9.000000000000000000e+00 1.148317771008453697e-01 1.259457522604554347e+00 6.895999465301674292e-01 3.566994918803485604e+01 5.172556837846916977e+01 7.005305354339157307e-09 1.195151422984078453e-08 1.084882351781661864e-03 6.358970086642633853e-04 4.462763518105627209e-07
0.000000000000000000e+00 1.528694572726167766e-01 1.360911216305447313e+00 2.438151701571698027e+00 5.474875528100204036e+01 2.245502412573816642e+01 1.836307253106345673e-06 3.637251522639726084e-07 7.245822961091077019e-04 3.658135043825500379e-03 4.772276334581342162e-07
1.000000000000000000e+00 6.696040142448225763e-02 1.143531746191075671e+00 7.017294725386713949e+00 4.564042647844871681e+02 6.503991675500493841e+01 3.745937366297975151e-09 1.994355766693460638e-10 1.452634184639414446e-05 2.728438307085131434e-04 1.651115849100258486e-10
2.000000000000000000e+00 1.700571834881440259e-01 1.409804579556150017e+00 1.617553504815597165e+01 2.943751486713798613e+02 1.819878896092151166e+01 3.454152626114530495e-06 4.272841365352369100e-08 2.560646597772401931e-05 2.070019318285028307e-03 3.326041188019241940e-09
3.000000000000000000e+00 1.570343322210886461e-01 1.372575866902979946e+00 7.722289716609290755e-01 2.429277072308327661e+02 3.145798929407399100e+02 3.145445275474632878e-08 6.311849062282908708e-09 8.327196314229054486e-03 4.149772918534905264e-02 1.195778307268939026e-08
4.000000000000000000e+00 3.421024608764553498e-01 2.039987051273079555e+00 1.258622995927347388e+00 5.669316660383368145e+01 4.504380325743407099e+01 1.273956017831991686e-05 2.421218055659783778e-06 1.678747337606106144e-02 8.832951944016249890e-02 1.691713736791711848e-06
5.000000000000000000e+00 2.048403163343843481e-01 1.515218063848732033e+00 1.010237485588500128e+00 2.483175558129680027e+01 2.458011698786983601e+01 7.086334195986960968e-07 6.337379846234318150e-07 9.586127028313431303e-03 1.071901975517165068e-02 3.222160173773037090e-06
6.000000000000000000e+00 6.412165686429390776e-01 4.574393422893606953e+00 3.703199401710794980e-01 1.803318721629866417e+01 4.869623603840435067e+01 1.448774991476823627e-08 6.329520205921459454e-08 6.155999697385726444e-02 1.409057577660887718e-02 3.612568901582508468e-06
7.000000000000000000e+00 2.776489537482156322e-01 1.768736904830169321e+00 6.044493721876960102e-01 9.015204637486993633e+00 1.491473902083491154e+01 7.601496276167576599e-06 1.472282695647194542e-05 4.023738859183143696e-02 2.077483899306856521e-02 1.104570753729976955e-04
8.000000000000000000e+00 2.765184490354899993e-01 1.764410505469971246e+00 3.917698803192677381e+00 2.230498481585265935e+01 5.693389394221807898e+00 1.727525434272143628e-04 2.189818552716950013e-05 1.072142347876135120e-03 8.458021203712398975e-03 1.638184539756336992e-05
9.000000000000000000e+00 2.071704064277632706e-01 1.522610175269365707e+00 2.949421299876695990e+00 5.438531546942568440e+01 1.843931739141482495e+01 1.805326140924959403e-06 3.552841702370316103e-07 9.218790651390325287e-04 4.684397770822744042e-03 3.392808855575158539e-07
0.000000000000000000e+00 1.606385430661390057e-01 1.382763687179400236e+00 2.514444919508082243e+00 5.302975468829001215e+01 2.109004427850604202e+01 1.953566495972060867e-06 3.914123154959757109e-07 7.623017678058706999e-04 3.804701933097794087e-03 4.982240626013824754e-07
1.000000000000000000e+00 5.232118487337350521e-02 1.110419657036192165e+00 6.062990403535913231e+00 3.795504511124549936e+02 6.260119608487300269e+01 5.770616858987125762e-09 3.356156628371984581e-10 1.152893895361646467e-05 1.982299900116542149e-04 3.875325888505007206e-10
2.000000000000000000e+00 1.838377093571791632e-01 1.450493024401766862e+00 9.362517556685904907e+00 2.572476913319666778e+02 2.747633740331546548e+01 6.101776248511302959e-06 8.747154793141239933e-08 4.999077367438979950e-05 3.487219817926120232e-03 1.267615959315889711e-08
3.000000000000000000e+00 3.372786461486867449e-01 2.017859600233608219e+00 7.808480936096880987e-01 1.105214988538503640e+01 1.415403325670347812e+01 2.119447928255035809e-05 2.413845403784885431e-05 4.098255029189053211e-02 3.598423543386787549e-02 8.474350554908295489e-05
4.000000000000000000e+00 1.944735228098205815e-01 1.482848244760815559e+00 9.592123679863877594e-01 2.154564348131703966e+01 2.246180741658534785e+01 7.799409858043797107e-07 8.164050492235611409e-07 1.057014889231594479e-02 1.009804184211315382e-02 4.603039538494370649e-06
5.000000000000000000e+00 1.673778555910079568e-01 1.402049973604330146e+00 3.477871684054429924e+00 9.746238972399874001e+02 2.802357262657233150e+02 6.147643124356011607e-09 2.430684306757531610e-10 5.528443010320558716e-04 1.398243884090766796e-02 5.861177179238975762e-11
6.000000000000000000e+00 6.096172773184705962e-01 4.123177548079097754e+00 2.284969056700301149e-01 1.869578363283883959e+01 8.182073003578095438e+01 6.373679819012832609e-09 5.038790358506523749e-08 2.322416148307989703e-01 2.937676680838830975e-02 2.508375596576670597e-06
7.000000000000000000e+00 3.200598962177942930e-01 1.941435560095493562e+00 1.125962501029684759e+00 2.691167238146901752e+01 2.390103787369337951e+01 6.138531427694007490e-06 3.148810283553257739e-06 1.789429286625493498e-02 3.488450215930855025e-02 5.715120274937334482e-06
8.000000000000000000e+00 2.450441894452219382e-01 1.649161675476479960e+00 3.877156801545339260e+00 2.526019407321506449e+01 6.515133476971313620e+00 1.413244482680439586e-04 1.705801251832771183e-05 9.712853894788038176e-04 8.047031952369623764e-03 1.121512910879204242e-05
9.000000000000000000e+00 1.842156956553108182e-01 1.451628438238437013e+00 3.027958539034883323e+00 6.347541511051308305e+01 2.096310576654887825e+01 1.479489879187301649e-06 2.513571115489817973e-07 7.359899794558630304e-04 4.332042642748256019e-03 2.327660280762169811e-07
0.000000000000000000e+00 1.676507802391712654e-01 1.402837598111390749e+00 2.334387146470469965e+00 5.304742579619900766e+01 2.272434796276413493e+01 1.822549384347760507e-06 3.878277416996714065e-07 9.410502364669991095e-04 4.422351329476070271e-03 5.117735596872362930e-07
1.000000000000000000e+00 5.113312431105043743e-02 1.107777235397586990e+00 5.549307584122430193e+00 4.456608181668472639e+02 8.030926586984712401e+01 5.157686004326953421e-09 2.715036535099405123e-10 1.352017071096978031e-05 2.568392518869986436e-04 2.970728990765068537e-10
2.000000000000000000e+00 1.802081957587128025e-01 1.439643809138820396e+00 1.124093968640951857e+01 2.277236423500701505e+02 2.025841688532425877e+01 6.174076400187690475e-06 9.984690075853746142e-08 4.977504178804049989e-05 3.077861290508006418e-03 1.125219109754171531e-08
3.000000000000000000e+00 3.322840220262888167e-01 1.995285519554756526e+00 7.930397183372274172e-01 1.117463632487640268e+01 1.409089111993829313e+01 1.912468434103233706e-05 2.181787786217474914e-05 3.724166244986532037e-02 3.264456072163370026e-02 7.835019270051699514e-05
4.000000000000000000e+00 2.386851929019343233e-01 1.627034153747094924e+00 5.701773295734352542e-01 2.297083602297979965e+01 4.028717879780469957e+01 2.803096220966616053e-07 4.585034880631433776e-07 3.056221902072610991e-02 1.868444687372878069e-02 4.129178203963272992e-06
5.000000000000000000e+00 1.404136828769776968e-01 1.326700600230429128e+00 2.720823163995743865e+00 2.831687313756252706e+02 1.040746547305079446e+02 5.750693591352802801e-10 1.267821757343338499e-10 2.892670983882177191e-04 1.312082269652875121e-03 4.322572060222035614e-10
6.000000000000000000e+00 5.823122216272578200e-01 3.788265550387284186e+00 4.094930812873807668e-01 2.167538748728007292e+01 5.293224349270107609e+01 5.240057685617388629e-08 1.896615995400060519e-07 1.468606530469918903e-01 4.057533499559844853e-02 2.062304080977839518e-06
7.000000000000000000e+00 3.095151062747416582e-01 1.896515214416542250e+00 1.262217501166030154e+00 2.400358062129154391e+01 1.901699239561894572e+01 7.204772251852413579e-06 3.818405792479624346e-06 1.518386097864708392e-02 2.864972090457169190e-02 6.731375798994086468e-06
8.000000000000000000e+00 2.566466204400695283e-01 1.690510401908728477e+00 4.155951861093909017e+00 2.503738578758876088e+01 6.024464821639811341e+00 1.276387002409362398e-04 1.465388884568595066e-05 7.592395313508198832e-04 6.613148767105986488e-03 1.117794629250396084e-05
9.000000000000000000e+00 1.860996281173987188e-01 1.457303214365018640e+00 3.372163385438508687e+00 8.487717810283103859e+01 2.516994830954604012e+01 1.546822059624193860e-06 1.824333780181826718e-07 6.087998873497523075e-04 5.161912287539090899e-03 1.218123070292614226e-07
0.000000000000000000e+00 1.257801097773916799e-01 1.287753941963877047e+00 2.313795281070368137e+00 2.832609486918432253e+02 1.224226494924849078e+02 3.183658984518324739e-11 8.510401343063695289e-12 1.831054794626757890e-05 6.849799219880581410e-05 4.060283127060842149e-10
1.000000000000000000e+00 5.029427804941380975e-01 3.023681623593063250e+00 3.668508479829031277e-01 3.096465041514215955e+01 8.440664805710153473e+01 6.903579645312565320e-09 3.079487281220227520e-08 9.631978605065384669e-02 2.159292290230444694e-02 4.062076237715202668e-07
2.000000000000000000e+00 2.966961055665824909e-01 1.843720923244996923e+00 1.385389326937025212e+00 2.846041779595828416e+02 2.054326335751537727e+02 1.542956107910990930e-06 9.355689060042329491e-08 6.419490766090863408e-03 1.058713305203976968e-01 2.159965554008851021e-08
3.000000000000000000e+00 2.829798207376064689e-01 1.789321776211963311e+00 7.895848497018213008e-01 1.614001805983631144e+01 2.044114456594681073e+01 3.928579081285969962e-06 4.429863110637569265e-06 1.738865393333894130e-02 1.542095102898212444e-02 1.858988524140374484e-05
4.000000000000000000e+00 1.878570477476726175e-01 1.462620643882178717e+00 9.512630643939587571e+00 2.527836116031974711e+02 2.657347069017587415e+01 1.106871259821417584e-06 2.735520730561817169e-08 3.986252729594993088e-05 1.612953808566894081e-03 4.431158399561031106e-09
5.000000000000000000e+00 2.225210864323069748e-01 1.572417032922996727e+00 1.105330822390021561e+00 1.335468285475754442e+02 1.208206862980726299e+02 3.932110899455544776e-08 8.656461349888714971e-09 1.093011245826621715e-03 4.964894151577995025e-03 5.309478304597823245e-08
6.000000000000000000e+00 1.361248422084889997e-01 1.315149338375445343e+00 2.971558451440646564e+00 1.187845046476716249e+02 3.997380720883464278e+01 4.263614546571946471e-07 4.948648180101161735e-08 2.488783140670014753e-04 2.144264780125624582e-03 4.222551875894401777e-08
7.000000000000000000e+00 2.505603842832740402e-01 1.668660633968891194e+00 4.419299952510317375e+00 6.866831420251354245e+01 1.553827867318839218e+01 3.581765369516940530e-05 2.240874412508647882e-06 6.461409063488785616e-04 1.032777700200443634e-02 5.883377689502022379e-07
8.000000000000000000e+00 2.978641600213480581e-02 1.061401770689288426e+00 5.461643284404980925e+00 3.466791328011092332e+02 6.347524266020940331e+01 1.076794992923392831e-09 7.784390746172549662e-11 1.268128981004052599e-06 1.754170598126267053e-05 4.440780731215036283e-10
9.000000000000000000e+00 1.358726376407278780e-01 1.314473637936341754e+00 2.994806605546765699e+00 1.413939684464144193e+02 4.721305482114760821e+01 1.369262892518861654e-07 1.647175879689709935e-08 1.864769836253478202e-04 1.550144202179159960e-03 1.927669737377199271e-08
0.000000000000000000e+00 1.380764465997271762e-01 1.320391399109626773e+00 1.057270491420366110e+00 1.304027580851312393e+02 1.233390689925948891e+02 4.189227324961554706e-09 2.260547492639565803e-09 2.090619717318277417e-03 3.874318621665678430e-03 1.062481197958804996e-08
1.000000000000000000e+00 5.487207720249744902e-01 3.431845908295790615e+00 1.238008929037882178e+00 7.238316860005490128e+01 5.846740431533675064e+01 2.498837079971698932e-08 1.785192142928780998e-08 7.180588207281814878e-03 1.005108617547793674e-02 4.657019256204141420e-08
2.000000000000000000e+00 3.313566513649710554e-01 1.991131227257113112e+00 1.089926571001990530e+00 5.040601506362055062e+01 4.624716600612950401e+01 1.027227281210369372e-06 3.994361803674732751e-07 8.826949864583721189e-03 2.270020633192229229e-02 8.624111237900032795e-07
3.000000000000000000e+00 3.037094111372831695e-01 1.872363969857314014e+00 6.944846763545613477e-01 1.283709233838592922e+01 1.848434209631444247e+01 2.794346799542783067e-06 4.704177180681025940e-06 2.584415686132945228e-02 1.535178932224713806e-02 2.694022826933063926e-05
4.000000000000000000e+00 1.665238175910316032e-01 1.399588665172730728e+00 8.302763313951658120e+00 1.953888343480559229e+02 2.353298859185009917e+01 1.458885285956805458e-06 4.476039287276753965e-08 4.154201907467681835e-05 1.353988124037565789e-03 1.057329197804990571e-08
5.000000000000000000e+00 2.139117215136496497e-01 1.544243508949266319e+00 1.257959774933315122e+00 9.114353504061972444e+01 7.245345746087252792e+01 1.110056686977567657e-07 3.072280740821621764e-08 1.623016019876370860e-03 5.864176935385367710e-03 1.195450324202941085e-07
6.000000000000000000e+00 1.198548223453839712e-01 1.272352392283212730e+00 3.179112353167968585e+00 1.731107984715930286e+02 5.445255758233553678e+01 2.187620126338277144e-07 1.908382051978412014e-08 1.702465286195651770e-04 1.951573229591447699e-03 1.447787365176911361e-08
7.000000000000000000e+00 2.485481722061750054e-01 1.661514585534733524e+00 3.810323713665167755e+00 4.900037556397611382e+01 1.285989833048657793e+01 4.395915925546018213e-05 3.930882613255756788e-06 8.500577224905658379e-04 9.506216917616532730e-03 1.494160406005231035e-06
8.000000000000000000e+00 3.448546133192818136e-02 1.071434369863556668e+00 4.214138987375727119e+00 2.944491328248618061e+02 6.987171844757409644e+01 1.748703640140324007e-09 1.914263041354256389e-10 6.880288355311189116e-06 6.285230938604938666e-05 6.251300421798853674e-10
9.000000000000000000e+00 2.087400120001816350e-01 1.527614223304387897e+00 3.898339433905440909e+00 1.159978070332090994e+02 2.975569700891848157e+01 2.719271128742817123e-07 3.499718703980750023e-08 3.436645117026948461e-04 2.670263137387787755e-03 2.194220805290964736e-08
0.000000000000000000e+00 1.193108165492451217e-01 1.270948749663885602e+00 1.060672842467627719e+00 6.455238309422220766e+01 6.085984340283736316e+01 2.012740068701694287e-08 1.343222239062111075e-08 1.196729106048785530e-03 1.793228665427545974e-03 1.149390543535104894e-07
1.000000000000000000e+00 5.493561916826835700e-01 3.438094927938562861e+00 7.900576578407003669e-01 4.821621831353733256e+01 6.102873358042836571e+01 1.734704805553974455e-09 2.099008738508996549e-09 9.751888331412221240e-04 8.059350702724099895e-04 2.024568691831151813e-07
2.000000000000000000e+00 3.204258545516761592e-01 1.943019556284876215e+00 1.151474671284320461e+00 3.895244792838326475e+01 3.382831502922844891e+01 1.354500740356973191e-06 6.373490921502041553e-07 8.647719948496135692e-03 1.837822194603094469e-02 1.479639610654271642e-06
3.000000000000000000e+00 2.933138581324526428e-01 1.830110683527250703e+00 5.902870957985060230e-01 1.189034151282866247e+01 2.014331940755726791e+01 1.904847756794703013e-06 4.101188987994508772e-06 3.431707686922198103e-02 1.593898917739326043e-02 3.097398500270935097e-05
4.000000000000000000e+00 2.073078965630074377e-01 1.523047714652768336e+00 1.306268016387871711e+01 3.067222960367397491e+02 2.348080885306345422e+01 7.676395521996396038e-07 1.481272664318932215e-08 2.775322482588707415e-05 1.438254657000327978e-03 1.778274075209325869e-09
5.000000000000000000e+00 1.841975216523464576e-01 1.451573822196335239e+00 1.451455662204526709e+00 4.983473132046997023e+01 3.433431183476804449e+01 1.593242603106034030e-07 8.694383766922985769e-08 2.270484394383604464e-03 4.160654238177941520e-03 2.584343141925725674e-07
6.000000000000000000e+00 1.647168852681395457e-01 1.394397737397137460e+00 2.578538164287906387e+00 8.122348880846008967e+01 3.149982029871987876e+01 3.962005842669515009e-07 7.581056464525638129e-08 4.480497608779382976e-04 2.341594181116743792e-03 9.438371636916628240e-08
7.000000000000000000e+00 1.930239011277384564e-01 1.478388149035608112e+00 3.676613303348652106e+00 3.580718821046841782e+01 9.739177132894367261e+00 2.001952493077956502e-05 2.741336125542286991e-06 4.048522389446587428e-04 2.956569030450876667e-03 2.399971980769618688e-06
8.000000000000000000e+00 3.300413673298045747e-02 1.068261174606218278e+00 3.615090475532566128e+00 2.096058423362441374e+02 5.798080124270347824e+01 8.160430548765737633e-10 1.125143978749362627e-10 2.001719928655578630e-06 1.451804992462473254e-05 2.085249708194800903e-09
9.000000000000000000e+00 1.987075131667989381e-01 1.495967493598033160e+00 6.130707585795452275e+00 2.363574545656080375e+02 3.855304648899527109e+01 8.108071524684792169e-08 5.341183135339539818e-09 1.166612489129830935e-04 1.770951728067627663e-03 1.964544102196233580e-09
0.000000000000000000e+00 1.516580256483590627e-01 1.357539837078711731e+00 1.130504202490057564e+00 7.949989162020776234e+01 7.032250870461221837e+01 1.035718541272508440e-08 5.727583123518006618e-09 1.596729915508871261e-03 2.887365828191153054e-03 6.405163082781227870e-08
1.000000000000000000e+00 5.763224386514030906e-01 3.720570977688439918e+00 5.338433756795447627e-01 2.348593170082914838e+01 4.399404913647794757e+01 8.833796815614252634e-08 2.157255744963389124e-07 7.010495516672553273e-02 2.870744144065821499e-02 1.933893942006405336e-06
2.000000000000000000e+00 3.464071173974332951e-01 2.060008842256854322e+00 1.406086389834995565e+00 2.922459816678909661e+01 2.078435463002995576e+01 7.643250578728274930e-06 2.940752665237059532e-06 1.081160171019028907e-02 2.810021461690322478e-02 4.684044307219545289e-06
3.000000000000000000e+00 2.921018702395029032e-01 1.825265268996627110e+00 6.966354621926698076e-01 1.015256102483528444e+01 1.457370687515671115e+01 8.909282442058989095e-06 1.399440821443000024e-05 3.469277352658813041e-02 2.208651579336181822e-02 7.860728325284606582e-05
4.000000000000000000e+00 2.054108694467695895e-01 1.517024111074242398e+00 1.066373618064089257e+01 1.342238539695375437e+02 1.258694435944594581e+01 9.232542507531183091e-06 2.569263933118986575e-07 8.931159121275785350e-05 3.209374683768030558e-03 3.498545999126094899e-08
5.000000000000000000e+00 2.398505324362425750e-01 1.631061502167335586e+00 7.266281437502516427e-01 2.216160913104089047e+01 3.049924410670504571e+01 3.970084072958300399e-07 5.450983054745504963e-07 2.106325613277543543e-02 1.534088381077845266e-02 4.165049337463480832e-06
6.000000000000000000e+00 1.485800163488409098e-01 1.349016981517588087e+00 2.931714606657448208e+00 6.361637371930159190e+01 2.169937468498438804e+01 1.504944626752435541e-06 2.386107015201458258e-07 4.318422921229378626e-04 2.723678078956572827e-03 2.825804978398699431e-07
7.000000000000000000e+00 2.366749102331192622e-01 1.620115632005230344e+00 4.100999467794985698e+00 2.416961995746907732e+01 5.893592561343230507e+00 9.418361170188569386e-05 1.131376487965512680e-05 5.449607534316821015e-04 4.536630603511461989e-03 1.207473673204797725e-05
8.000000000000000000e+00 5.594237820542755785e-02 1.118514753578464749e+00 6.644990455059384793e+00 3.524518461022208271e+02 5.304023361446214579e+01 6.656112320468684752e-09 3.885443847722035854e-10 1.096593053733989869e-05 1.878561837865315106e-04 4.306972793382769164e-10
9.000000000000000000e+00 2.013627717450564847e-01 1.504265928561939747e+00 3.146296939966700901e+00 7.181072392316359299e+01 2.282388639513586881e+01 2.072966769895863489e-06 2.847296277713365305e-07 8.405726108636603702e-04 6.119767386498822445e-03 2.013551420002971276e-07
0.000000000000000000e+00 1.532567390811620800e-01 1.361991045349109974e+00 3.094926646627556899e+00 4.190804219347963908e+02 1.354088383294818811e+02 4.141120227654952328e-09 4.267708057657622803e-10 5.630134758585502754e-04 5.463134923525762507e-03 3.186809203460173464e-10
1.000000000000000000e+00 6.362305426041516832e-01 4.497987693407780263e+00 3.385518588318088828e-01 6.363581559513715291e+01 1.879647502592835053e+02 8.646208661104247544e-09 1.572951613510637453e-08 1.222124272841752790e-01 6.717779098879211874e-02 1.607547572990750826e-07
2.000000000000000000e+00 3.140949208914254331e-01 1.915855358002695574e+00 8.227448634183801568e-01 2.535401433829543549e+01 3.081637511895650405e+01 4.057063698933876596e-06 2.613443465330044116e-06 2.389129569892566377e-02 3.708842750434838270e-02 8.615493278342858081e-06
3.000000000000000000e+00 3.142265978184336506e-01 1.916415238091251139e+00 6.211002313247507844e-01 7.923740154262795876e+00 1.275758686703782629e+01 1.330469743181064734e-05 2.640185408487737313e-05 5.823451973720871616e-02 2.934614602063716909e-02 1.669924626902630053e-04
4.000000000000000000e+00 1.452106657517553134e-01 1.339757785769432052e+00 6.283440551731614754e+00 1.244915607821612440e+02 1.981264241417122562e+01 1.091891062387548443e-07 3.486228407949741464e-09 8.034903891595799339e-07 2.516541866955855928e-05 1.034408972299299952e-07
5.000000000000000000e+00 2.374880613540017726e-01 1.622909752142929873e+00 1.079708906862221429e+00 2.527262429105680752e+01 2.340688692149667816e+01 1.295667464068788889e-06 9.586637370974076106e-07 9.667681185165980656e-03 1.306620818112451572e-02 3.840959910695387575e-06
6.000000000000000000e+00 1.782220407611996016e-01 1.433747434468268800e+00 2.019721007073155050e+00 3.550589368986688754e+01 1.757960310633183099e+01 4.195061481551713432e-06 1.166692103046642325e-06 1.611513425506843483e-03 5.794500434770618116e-03 1.994249927279674034e-06
7.000000000000000000e+00 2.159382053961342030e-01 1.550819353480253238e+00 3.969060038235211252e+00 2.655786203201588691e+01 6.691222046574151427e+00 1.774329800776972671e-04 1.907712137459688685e-05 8.757785939262952056e-04 8.145464022445137592e-03 1.103812301095573233e-05
8.000000000000000000e+00 7.031119642960997895e-02 1.151257487795025236e+00 3.531338261441720583e+00 1.795995178221505455e+02 5.085876926126766051e+01 1.048842992979060775e-08 1.520252300019191321e-09 6.067401660192946200e-05 4.185983942798545397e-04 3.668515164559649091e-09
9.000000000000000000e+00 1.488280192125869539e-01 1.349701405995313186e+00 2.568803799235583885e+00 6.095614704882078172e+01 2.372938994677597080e+01 2.063944366083522160e-06 3.350956981034251462e-07 6.534351927740795303e-04 4.024682776770558378e-03 4.164150011023467169e-07
0.000000000000000000e+00 1.899568459747182358e-01 1.469004262379802972e+00 2.256677193420519867e+00 1.048871803777701928e+02 4.647859281051590585e+01 7.030333320751843446e-08 1.657744528514868495e-08 1.633919035519339593e-03 6.929291722116697784e-03 2.918018921351079887e-08
1.000000000000000000e+00 6.122410026038654918e-01 4.157842921583584150e+00 1.819311455504508679e+00 4.423267812120018050e+01 2.431286736933898496e+01 1.141424370863650976e-06 4.638143938912141555e-07 8.398673371264028797e-03 2.066872135739022953e-02 4.779899760499071544e-07
2.000000000000000000e+00 3.227057915083487716e-01 1.952926475562286157e+00 1.015950603920819262e+00 2.288632518172509478e+01 2.252700583414269886e+01 9.457532002261196500e-06 3.906559420457659283e-06 7.183739309661195740e-03 1.739137617137874806e-02 2.069747310905148627e-05
3.000000000000000000e+00 3.314757704583987663e-01 1.991664193489853130e+00 6.313088265168570468e-01 8.981053781300561312e+00 1.422608619437819755e+01 1.217621951949393177e-05 2.154490783163129312e-05 6.297868755296080756e-02 3.559274101737518181e-02 1.231807222686446017e-04
4.000000000000000000e+00 1.721107143989684396e-01 1.415781958753142833e+00 1.170518915006020322e+01 1.599704972643848748e+02 1.366663068948032134e+01 8.981258064115306820e-06 1.886428967198849610e-07 5.136830738096494675e-05 2.445636877545964444e-03 2.526253837336423277e-08
5.000000000000000000e+00 3.230596358382999411e-01 1.954470003390523125e+00 4.763881938472465549e+00 6.986070295509824746e+01 1.466465875044313627e+01 7.010929198420014319e-06 6.655134293883520393e-07 1.229845958585737723e-03 1.295595634866764968e-02 2.052975329002632103e-07
6.000000000000000000e+00 1.689246757494469453e-01 1.406520734812526818e+00 1.930303320377639853e+00 2.533229842594845493e+01 1.312348072892114459e+01 8.685330756099820141e-06 2.768797586352665128e-06 1.410964734076003337e-03 4.425999018868553327e-03 6.412698341161941946e-06
7.000000000000000000e+00 2.174817555254665580e-01 1.555850951875268118e+00 4.175402982863210433e+00 2.344838411114918841e+01 5.615837371239760678e+00 1.896556969212139887e-04 2.145807045785894169e-05 7.546019544615658074e-04 6.669498073117905226e-03 1.482183513453880685e-05
8.000000000000000000e+00 8.231757827217821288e-02 1.179403192919811660e+00 3.719733204412000838e+00 1.383324952865925184e+02 3.718882180112149172e+01 4.313321378053366599e-08 6.002267959320066435e-09 8.278483795147631278e-05 5.949044823304356234e-04 1.019230589717226764e-08
9.000000000000000000e+00 2.316163638074269504e-01 1.602866466431044579e+00 3.476746884232117196e+00 6.077834381146949738e+01 1.748138298106022503e+01 2.402378080630689476e-06 3.705018246807190221e-07 1.003053717893111338e-03 6.503920102520703572e-03 2.548944718902975842e-07
0.000000000000000000e+00 7.400769114002408999e-02 1.159845152992982520e+00 1.779757258037529377e+00 7.137671182346538501e+01 4.010474546521572847e+01 6.938306435572484073e-08 2.274974277676772521e-08 8.172196883865905656e-04 2.492388893732727477e-03 1.131374221230978537e-07
1.000000000000000000e+00 5.770093656825688866e-01 3.728237076046251541e+00 2.358658037976820054e+00 1.296581733562141991e+01 5.497116210513955714e+00 1.674384707815576448e-03 2.789906594364959793e-04 8.525860784858575389e-03 5.116863391758504076e-02 2.290876166248382640e-04
2.000000000000000000e+00 2.936835983805292649e-01 1.831592180804975323e+00 1.867137714229065715e+00 1.519085751367900805e+01 8.135906311523067203e+00 3.506944153664549494e-05 1.176193178630298357e-05 4.229911391275389086e-03 1.261192743986738578e-02 4.788709851490671282e-05
3.000000000000000000e+00 2.876053789442903907e-01 1.807432763930988395e+00 6.973980478570791508e-01 7.264513058410152269e+00 1.041659505748846293e+01 8.639143441253984882e-06 1.300346622398967591e-05 1.518734515169400945e-02 1.009005222125010891e-02 3.258634206996582905e-04
4.000000000000000000e+00 1.707367660154609779e-01 1.411779418207377512e+00 6.643001325045906569e+00 8.749001365542628150e+01 1.317025383173797337e+01 1.537871252373850138e-05 6.911399742302372053e-07 1.593525398906312808e-04 3.545789553896093634e-03 1.914896551520319274e-07
5.000000000000000000e+00 2.101460714744373126e-01 1.532113758974957607e+00 2.060739742165049737e+00 5.608576938574923787e+01 2.721632831073783620e+01 1.144790431351040256e-06 2.942878209925490287e-07 4.096540494273518025e-03 1.593569296775322955e-02 3.601226039527637726e-07
6.000000000000000000e+00 6.862007288009505657e-02 1.147351410272042349e+00 1.904812573599065528e+00 5.784601750085669636e+01 3.036835135519869411e+01 2.809547918113910605e-06 4.182004913900037808e-07 3.486216525681385997e-04 2.342104465077769065e-03 1.110977984014760190e-06
7.000000000000000000e+00 8.833406299239429660e-02 1.193786033691982551e+00 3.743656149620256279e+00 1.648683368078419775e+01 4.403939096398199915e+00 2.279568176025570793e-04 2.951086750322051420e-05 1.939498509375332824e-04 1.498166422569094294e-03 5.762358660746892615e-05
8.000000000000000000e+00 5.092485476620783186e-02 1.107314694778279485e+00 1.748963661486049981e+00 5.314311264030405368e+01 3.038548702329795503e+01 7.622022693829775905e-08 3.091700464688322365e-08 2.259815278460914516e-04 5.571161738667575495e-04 2.491128491418099353e-07
9.000000000000000000e+00 1.524419711122888821e-01 1.359720434274796164e+00 1.440496513543330970e+00 2.312950079445360529e+01 1.605661699073446513e+01 1.294644336688583745e-06 7.447071677257060618e-07 2.200178152905075870e-03 3.824923820813362196e-03 5.089093418645652302e-06
0.000000000000000000e+00 2.025512952031466307e-01 1.507998305056488242e+00 7.300014975469279577e+00 2.625133956350156041e+03 3.596066535714743964e+02 1.630017924262145104e-10 3.412617257888729495e-12 9.745914815445550384e-05 4.655082781634991597e-03 9.014802449945367022e-13
1.000000000000000000e+00 6.673839801150855955e-01 5.012939487075826150e+00 2.051993400387185140e+00 1.333376258722451837e+02 6.497955882659567806e+01 3.660146581997229465e-07 6.962908212247657085e-08 1.202529477956583784e-02 6.321258336784682519e-02 2.076121781528009026e-08
2.000000000000000000e+00 1.897923630684617280e-01 1.468503021737127545e+00 6.626788120400229909e-01 4.066374293129424444e+01 6.136267252322883081e+01 8.868977890374030447e-06 2.979398787485301761e-06 3.177326228497892591e-02 9.458161891392101450e-02 7.379964901330403955e-06
3.000000000000000000e+00 8.867006215136143121e-02 1.194594862889467590e+00 7.013294873651632066e-01 1.865870792092884400e+01 2.660476745534835885e+01 1.777218639160051686e-05 9.531036396361836581e-06 6.537932361219300770e-03 1.219105118343890952e-02 5.832181068512638924e-05
4.000000000000000000e+00 1.402284294134618081e-01 1.326199270156833920e+00 4.990704624218243346e+00 1.283205730187794700e+02 2.571191498612882498e+01 1.140244900689284936e-05 4.160823887953810214e-07 1.321572878355803914e-04 3.621678725209228310e-03 1.112061266307236591e-07
5.000000000000000000e+00 1.058604533210598109e-01 1.236787319639875316e+00 1.089552135277037648e+00 2.367204208636510288e+01 2.172639685603119375e+01 2.674518272584658326e-06 1.499274107879640089e-06 3.976115291963984791e-03 7.092894452302953533e-03 8.536702123031845172e-06
6.000000000000000000e+00 1.657336468055953804e-01 1.397315907973518234e+00 1.772307460904137155e+00 3.792223241675567635e+01 2.139709573722031877e+01 1.576855545306546397e-06 5.566430234875866754e-07 2.118684167299839799e-03 6.001797807557426867e-03 1.235311728860413987e-06
7.000000000000000000e+00 3.120446191581652262e-01 1.907165283819202140e+00 4.432146832288847982e+00 1.744056079979052143e+01 3.935014217654850377e+00 1.099551128723057431e-03 1.149097454289582724e-04 2.209923159875721958e-03 2.114636574784555315e-02 5.037871327097315298e-05
8.000000000000000000e+00 1.223208993936375777e-01 1.278737181525980704e+00 3.084101968840517127e+00 1.227207658782514414e+02 3.979140998518570171e+01 3.187914214691241463e-08 5.545001395170008664e-09 1.575582700744932580e-04 9.058288952824309964e-04 1.532075783022062436e-08
9.000000000000000000e+00 1.930858138763397736e-01 1.478578310300642684e+00 8.402534237602503620e-01 2.938064534305621933e+01 3.496640955245831606e+01 9.755719418989576336e-10 1.234980463498049194e-09 1.061994268767529713e-04 8.389216199683948859e-05 1.186130635096495709e-06
0.000000000000000000e+00 1.641235491255838286e-01 1.392698104974468443e+00 2.572717868948172892e+00 4.984299895461140295e+02 1.937367464819963345e+02 4.080356437460945456e-10 7.064056651442283927e-11 5.611457639204328607e-04 3.241302898808420645e-03 8.167457278442238345e-11
1.000000000000000000e+00 6.645863568631894536e-01 4.962786669307390319e+00 1.036992864018420057e+00 8.423460998252726029e+01 8.122969106664073990e+01 1.388707654475755026e-08 1.267931193743406101e-08 2.797578895433372806e-02 3.064061555752190316e-02 2.215728135621931030e-08
2.000000000000000000e+00 3.858486023208094751e-01 2.256526008990253018e+00 7.463970491741145352e-01 1.086204084942251136e+01 1.455263101782264279e+01 2.502132479592117447e-06 3.879848006378979028e-06 2.304360153168041533e-02 1.486092850658033045e-02 5.362973136570035328e-05
3.000000000000000000e+00 2.349105900928501189e-01 1.614073563301205327e+00 8.946918412967787004e-01 1.276628629632125644e+01 1.426891998681649376e+01 1.167694762700342713e-05 9.991998141149932599e-06 6.773832244720510813e-03 7.916102789287097000e-03 6.423159443841522788e-05
4.000000000000000000e+00 1.055187067865355627e-01 1.235932730146775516e+00 2.551010940180901354e+00 3.507739972589076416e+01 1.375039172642799379e+01 2.729074426432776694e-06 6.690168504703757124e-07 1.728591817535519396e-04 7.051325717222765334e-04 1.688971950857578450e-06
5.000000000000000000e+00 3.182729239486103978e-01 1.933725342968829253e+00 2.630167293468049561e+00 8.266950022563815992e+01 3.143127071458369315e+01 3.580136298148351038e-07 8.194776677793224940e-08 1.860845251773393010e-03 8.129665875049771687e-03 5.907134802777766310e-08
6.000000000000000000e+00 1.886800048565137611e-01 1.465118586959377911e+00 1.902253479731456753e+00 3.542080127419948354e+01 1.862044236039451306e+01 1.503598006102613446e-06 5.599897096388144382e-07 1.240785276511034881e-03 3.331565269238224471e-03 1.265706729887850792e-06
7.000000000000000000e+00 1.390647539185425885e-01 1.323055083530370268e+00 2.200473952617919782e+00 8.867835371501524122e+00 4.029966072059792737e+00 7.603882418950095277e-04 1.986685675068969336e-04 1.211403867540813495e-03 4.636552569052958782e-03 4.892259806438464332e-04
8.000000000000000000e+00 6.256429466525943728e-02 1.133479649450559235e+00 2.936802789476459896e+00 3.609658576967802901e+02 1.229111668615410338e+02 4.511834956715135780e-11 6.113477784837691181e-12 1.549665713980653022e-06 1.143675692565955305e-05 3.719766354713166503e-10
9.000000000000000000e+00 9.523678115024640511e-02 1.210523105197232052e+00 2.164469797400644158e+00 4.510093956086771527e+01 2.083694566449037566e+01 8.819324220149078670e-08 2.501589937831470072e-08 3.539219498617919655e-05 1.247747433443975053e-04 6.411991777980756903e-07
0.000000000000000000e+00 5.377379442780619995e-02 1.113659490957109144e+00 2.013790778412640314e+00 7.123804472284228950e+02 3.537509729734450730e+02 1.248750650073305203e-11 3.140175394896157311e-12 4.078864973341900701e-05 1.622038468074287084e-04 1.514143313585796836e-11
1.000000000000000000e+00 3.879691092551136311e-01 2.267808913314577346e+00 2.683043457882225091e+00 9.804669681888719879e+01 3.654308935281921578e+01 3.241604997036481852e-07 5.768976851012200046e-08 5.948509822258296002e-04 3.342485099653299142e-03 4.746082813471556303e-08
2.000000000000000000e+00 2.155848908404945641e-01 1.549670418948182027e+00 1.643291297154958919e+00 1.266238664791394370e+02 7.705503382045786509e+01 1.808335377677716981e-09 7.403094455268465413e-10 2.525770287734482281e-04 6.169635947231551579e-04 8.594883283838662048e-09
3.000000000000000000e+00 8.698517614931550179e-02 1.190544937227746791e+00 5.003913555321888307e-01 2.963006623910302295e+01 5.921378519337150692e+01 9.591245729650471261e-09 2.504088777899576302e-08 2.523420765539495254e-03 9.665291764093609031e-04 7.601521101854148421e-07
4.000000000000000000e+00 1.001952300424977654e-01 1.222704376299827533e+00 6.264123948913245421e+00 3.904416050545686971e+02 6.232980193859444284e+01 6.742444915580207859e-09 2.720944833547676032e-10 2.231334356287818231e-06 5.529200298374452977e-05 6.733646261911795438e-10
5.000000000000000000e+00 1.395620795896245492e-01 1.324397789263081604e+00 2.942804486733080260e+00 3.148135315368236320e+02 1.069773860125890224e+02 5.365085487860395497e-10 1.056353913070673361e-10 9.270650852065962563e-05 4.708444180876725487e-04 3.032480508476085213e-10
6.000000000000000000e+00 4.760004512320464842e-02 1.099958100332674604e+00 1.401005120484276389e+00 1.570393321078427959e+02 1.120904769095776317e+02 5.041172257408629268e-10 2.289454313587662495e-10 3.604858805655608453e-05 7.937574510700290355e-05 4.061494868059700825e-09
7.000000000000000000e+00 3.578225253326534072e-01 2.114403850798437290e+00 2.785934418246691191e+00 6.088187542606893032e+01 2.185330531376417795e+01 3.054121760242358850e-06 5.318151085947674732e-07 1.154086453931908686e-03 6.627717970382353448e-03 3.092840231806592197e-07
8.000000000000000000e+00 1.172613316467168224e-02 1.023730533727905456e+00 2.456353921253970007e+00 5.839013834778772889e+02 2.377106077530534662e+02 6.938015516994399617e-12 1.521360546844141786e-12 1.185513653986133964e-06 5.406418711216363797e-06 2.965284269560461288e-11
9.000000000000000000e+00 5.859494159777271782e-02 1.124484016895386684e+00 2.583571087452535275e-01 5.882824407231794339e+01 2.277012788927129634e+02 1.829676446750284351e-11 1.386169886373598275e-10 2.603402746300451879e-03 3.436364281994741163e-04 2.179371671312054746e-08
0.000000000000000000e+00 6.974904821716433612e-02 1.149957488532507455e+00 2.342071024211362040e+00 2.385695564626550720e+02 1.018626480565369690e+02 1.206677909446858441e-10 3.230026900186811742e-11 3.075251360565965658e-05 1.148856649638653520e-04 7.854349659308393058e-10
1.000000000000000000e+00 5.191038663830481736e-01 3.158902224805699710e+00 2.312457392012693180e+00 6.238888051331439044e+01 2.697947245592836651e+01 5.650220785829194257e-07 1.578832045262945090e-07 4.453882692825584383e-03 1.593926386543343537e-02 1.580821090637083364e-07
2.000000000000000000e+00 3.180216703436537506e-01 1.932644503539891367e+00 1.450157951824891489e+00 3.213332307514454556e+01 2.215849868954460433e+01 2.046605826841463898e-06 1.050069544911365913e-06 1.221117145870373802e-02 2.379980905174497452e-02 1.694256295089724280e-06
3.000000000000000000e+00 1.887092556109763730e-01 1.465207465797213837e+00 7.841298747234869415e-01 1.539221580520158561e+01 1.962967653876145135e+01 4.347802739676728494e-06 4.543247128253764969e-06 1.234563551247858104e-02 1.181454285645158406e-02 2.653544446888535783e-05
4.000000000000000000e+00 1.569363526991317814e-01 1.372300129893099907e+00 8.866749907519954732e+00 2.158602553688698151e+02 2.434491303130103645e+01 1.798980487373190222e-07 6.193185925659376000e-09 8.593911314579343603e-06 2.496336933966324567e-04 4.943163837749747232e-09
5.000000000000000000e+00 1.856579368082177106e-01 1.455970396716432802e+00 3.999171597513557219e-01 4.953156173495991510e+01 1.238545546926659568e+02 8.345633151193792465e-09 1.788850665197096756e-08 4.015741139733192827e-02 1.873487990607504775e-02 2.261008747399423206e-07
6.000000000000000000e+00 4.386859403232452881e-02 1.091762688179720220e+00 1.288616890647353408e+00 5.212600775256965591e+01 4.045112874966545036e+01 6.109679019781524102e-08 2.997135520687234051e-08 1.631867919420531741e-04 3.326572696336404849e-04 3.389678676379478030e-07
7.000000000000000000e+00 4.751568057583183124e-01 2.810661969028091622e+00 2.946329241104168606e+00 2.212949384096308947e+01 7.510869298731130961e+00 1.338222984288326377e-04 2.145404962097505173e-05 3.020018717717376597e-03 1.883774174307458957e-02 1.868916651820270644e-05
8.000000000000000000e+00 4.876483379845137495e-02 1.102529501707087078e+00 2.303503850372008888e+00 3.001709289791304514e+02 1.303105826936880192e+02 2.932385003442492550e-10 6.586724012367714759e-11 4.230089971485457130e-05 1.883220303796743795e-04 4.600983164423170256e-10
9.000000000000000000e+00 6.977903014176252416e-02 1.150026783748804515e+00 9.695736258533335095e-01 3.559546729975228629e+01 3.671249542129849885e+01 3.637325327435543926e-10 3.770705624859549851e-10 7.159555159840171660e-06 6.906301872087532666e-06 6.165646963108857596e-07
0.000000000000000000e+00 5.300408336484715294e-02 1.111941524633348388e+00 1.464535951230693245e+00 3.391998638767260132e+01 2.316091070292171494e+01 2.328913049117145884e-07 1.235485953017294710e-07 9.796531511688916748e-04 1.846663656348366839e-03 1.251434642491075696e-06
1.000000000000000000e+00 5.049349061974827135e-01 3.039872786502304081e+00 2.771791539865085863e+00 6.532013473166621509e+00 2.356603438325148847e+00 7.833113043984142598e-02 1.070497011453082001e-02 3.035935942707371216e-02 2.221475555661901469e-01 3.828145646687883610e-03
2.000000000000000000e+00 2.760111030552382938e-01 1.762473303720560436e+00 2.161921574100599486e+00 2.718203455756639286e+01 1.257309001547599614e+01 3.558599463023563576e-06 6.956772538565331969e-07 6.235069403794762368e-04 3.189426491847678017e-03 1.025498190467325023e-05
3.000000000000000000e+00 1.287938104236257264e-01 1.295667803935718121e+00 6.512391115028206556e-01 7.704729212594862098e+00 1.183087605843447854e+01 2.322697755107723682e-05 2.633056668941993154e-05 1.277083652619844141e-02 1.126553548206307535e-02 5.206603653172335415e-04
4.000000000000000000e+00 1.920310399651883326e-01 1.475342617015670044e+00 3.757607593032631144e+00 2.553706846422605281e+01 6.796097738246264619e+00 6.736870540529714182e-06 9.153975947873144893e-07 4.983754242048282854e-05 3.667794991562757945e-04 9.019653559510783740e-06
5.000000000000000000e+00 1.116085534106755345e-01 1.251259855864570669e+00 5.316392981320079425e-01 1.907196513069018806e+01 3.587388140361766631e+01 4.045983435345672494e-06 3.688696813660870057e-06 2.277460805627176677e-02 2.498055318640165015e-02 3.217261422922091459e-05
6.000000000000000000e+00 1.202927448458002008e-01 1.273483580227412482e+00 2.077284700286862407e+00 1.818571115449930886e+01 8.754558848860705567e+00 2.267701614294025930e-05 7.325015279378087777e-06 1.435738426981692396e-03 4.444804856225196762e-03 2.030680265380425302e-05
7.000000000000000000e+00 3.426419366748343354e-01 2.042481885569706002e+00 2.881245558890050074e+00 7.435550486247521462e+00 2.580672259365473398e+00 1.586959530619671405e-02 2.587647334147560527e-03 1.246153323026004227e-02 7.642443645594244883e-02 1.482205690968283135e-03
8.000000000000000000e+00 9.132309370860081099e-02 1.201002343245014314e+00 6.467035878118730929e-01 3.115366121639972903e+02 4.817301435083791716e+02 1.421346845600848534e-07 1.541096826406584778e-08 7.484307562844001380e-03 6.902744048055253767e-02 2.159202507325953591e-08
9.000000000000000000e+00 2.055090176012965286e-01 1.517335053900372044e+00 5.514347508304017431e+00 1.636300497139755521e+02 2.967351068599978703e+01 3.917032013739177614e-06 1.538810402469641946e-07 7.519582139904344752e-04 1.914104812696556732e-02 2.972374336180887882e-08
