0.000000000000000000e+00 6.413770250678539897e-01 2.729984658678760810e-03 4.313243691007063660e-03 9.502542344676605940e-03 -2.482161778888180388e-05 2.235803082094275950e-04 -5.554209549454639774e-05
1.000000000000000000e+00 5.099567805234794804e-01 9.487012706860149802e-02 1.517366989901848670e-03 3.696986912068946605e-03 7.193994598661554923e-06 -4.356250354934970617e-05 -4.991794699198187650e-06
2.000000000000000000e+00 6.698575329995448691e-01 4.833074271822236645e-02 1.790637709580834847e-02 4.489794680072654517e-03 1.172023121464597525e-05 5.687671161317687770e-04 3.851335452687473771e-05
3.000000000000000000e+00 6.028750028919047654e-01 7.809117635648374182e-03 8.006062251190262588e-03 1.026443066956040859e-02 7.507020737356344159e-05 -1.491269433346924462e-04 5.497802419111639638e-05
4.000000000000000000e+00 3.971176670739026138e-01 4.023408822857841780e-03 3.801591313213682766e-02 6.410504139925192989e-04 7.734845694157196600e-07 -2.248263185208923792e-05 3.068634015908104846e-06
5.000000000000000000e+00 5.528437903541733034e-01 7.578951992560547211e-03 2.498079975421450914e-03 4.637957862596991943e-03 6.252297485799868808e-06 3.919714543613186074e-04 1.449589531649585726e-05
6.000000000000000000e+00 4.619712102268741516e-01 8.221632887764623735e-04 4.452753276766825002e-03 3.381374349178105192e-03 3.401562711924642038e-06 6.888967497667890314e-05 -1.267201296993294316e-05
7.000000000000000000e+00 6.334051206575297410e-01 4.910077750737616015e-02 1.858264998579988447e-01 1.268597136253751465e-02 -6.138168877639275760e-04 -1.514401929660560628e-03 -5.111425712196301561e-05
8.000000000000000000e+00 4.578752034233557477e-01 1.666796150626031515e-03 2.305100338931690470e-03 7.172113173485629434e-04 4.029085837292314109e-07 -2.810003632670869230e-05 8.295060631402190319e-07
9.000000000000000000e+00 5.157270102328314065e-01 4.542847017317414894e-03 1.239452121272919920e-03 4.589502007990028205e-04 3.434071633430439048e-07 1.226822260741858428e-05 -4.348251398822833671e-08
0.000000000000000000e+00 2.913088991294227048e-01 7.755329810678974947e-04 1.803981700899101094e-04 2.434798993993626077e-05 5.019764796250044856e-10 4.465938357410920143e-07 -1.533591415348016671e-09
1.000000000000000000e+00 2.390118276115426044e-01 1.944170072921474340e-02 6.084023427673241474e-04 6.810454199372055831e-05 -6.221779258655659458e-09 -9.283634835893486549e-06 -1.238847426011504870e-08
2.000000000000000000e+00 4.557757267972873949e-01 1.212189815015146666e-02 4.730361212672604988e-03 3.434629879624095591e-03 -1.160738685258134008e-05 -9.135306573852735126e-05 7.545179984225082500e-06
3.000000000000000000e+00 4.035504020902854760e-01 7.881183632075546355e-03 2.136368756679541542e-03 7.835070295249990657e-03 -2.469028658394604675e-06 -6.761093079467149361e-04 3.196026442663361700e-05
4.000000000000000000e+00 2.814156138645936833e-01 3.656163759347368005e-03 1.139726394613349396e-02 6.430751377427245665e-04 8.760235208690981976e-07 -1.635495349586836767e-05 1.504520385549420611e-06
5.000000000000000000e+00 4.856481550944662384e-01 1.743819654739189179e-02 1.947454200463897157e-03 1.939043789398955811e-03 1.209304138852001839e-06 -1.680654558111252376e-04 3.568708357457287632e-06
6.000000000000000000e+00 3.116966330606224522e-01 4.364501717086643876e-04 1.310644706526505835e-03 7.945928819063855907e-04 -7.973538533782259167e-07 9.110391092879739779e-06 -1.475195059112586823e-07
7.000000000000000000e+00 5.003359037058614511e-01 9.069989876185853561e-03 7.421664822393718441e-02 5.431062031816433558e-03 -7.955715498921939980e-05 6.913049931807054363e-05 7.456501218656882675e-05
8.000000000000000000e+00 2.962507322012993827e-01 4.862147055720943524e-04 6.387060469073078516e-04 6.767725181723368709e-05 -1.273546039963492126e-08 -8.300617558365341555e-07 5.982610483482096974e-09
9.000000000000000000e+00 3.242514235413506141e-01 3.792349977315376611e-03 8.381489049802146128e-04 5.404017541437923684e-04 -3.603855443812532308e-07 -2.437098100846210542e-05 -4.894209856810415127e-08
0.000000000000000000e+00 4.213720878371538525e-01 6.655976457158161884e-04 6.086201162113899412e-04 7.984730224850000377e-04 -7.398380408194158318e-08 1.489768970463215130e-05 -5.516873656058598594e-07
1.000000000000000000e+00 3.316481945788008479e-01 2.041534030348596956e-02 2.595133334837389227e-02 3.966271249657971759e-03 1.580215497397054826e-05 -2.796325393121176241e-04 -3.700696991593806288e-05
2.000000000000000000e+00 4.158698879342724863e-01 1.182483757772165300e-02 3.350314723556934923e-03 9.026616196750193288e-04 -4.231361333550894636e-07 1.548403495220715721e-05 1.511644251333902469e-06
3.000000000000000000e+00 4.030191982059139200e-01 3.935307552552108970e-03 9.573041472568867734e-04 2.115629759068087846e-03 -3.766921310760653267e-08 -9.640584768445639751e-05 3.010582119348320766e-06
4.000000000000000000e+00 2.785647335354974885e-01 2.420467734438509506e-03 1.108750230102905319e-02 2.535436798827974216e-04 3.680705763161012723e-07 -1.131644533584244118e-06 2.126926711458600348e-07
5.000000000000000000e+00 3.726908737283735062e-01 3.216281262342024494e-03 1.507790696693643269e-04 3.394282698499384728e-04 -7.628977103627928803e-08 1.502064808903894412e-05 -8.731881800887207865e-09
6.000000000000000000e+00 3.158150382303865911e-01 7.732206076321061165e-04 2.375412415097631104e-03 4.421024130367124608e-04 2.938037846980717866e-07 1.227928645106609439e-05 -3.448781248813044556e-07
7.000000000000000000e+00 4.563970000746686573e-01 1.633119394298038901e-02 6.455609051944830035e-02 6.428978763767040187e-03 -1.247923068992724956e-04 -2.408445523263207880e-04 3.975918556663171882e-05
8.000000000000000000e+00 3.064462804219223457e-01 2.330016046275277738e-04 1.422742522208319345e-04 1.080351634277267736e-04 6.477084035824878999e-09 -1.513352987684215445e-06 1.172378274920549040e-08
9.000000000000000000e+00 3.237961541216727301e-01 3.062509132508408911e-03 1.561870517452915727e-03 8.764558789895720973e-05 3.050434501900347584e-08 3.564261557225003825e-06 -1.100216827745987315e-08
0.000000000000000000e+00 3.368333211721283860e-01 7.216274791849992376e-05 3.004787893022755761e-04 2.043767751420495966e-04 -1.921637870564110519e-08 1.049632246589395122e-06 -4.685995390658451079e-08
1.000000000000000000e+00 3.512589580084101715e-01 2.887131928217994900e-02 9.526766937295602991e-04 7.396100533260247228e-04 6.204364284706417094e-07 -7.644617557844097990e-05 -2.227400787355400251e-08
2.000000000000000000e+00 3.679186952849961001e-01 1.308367401001628641e-02 1.346069775622000956e-03 4.161327454599965674e-04 8.061838907266774659e-09 1.169446300070592408e-05 3.113408282979399943e-07
3.000000000000000000e+00 3.423998244170095573e-01 3.243431733377699026e-03 6.701805911718196514e-04 1.473253665361976125e-03 -2.636214901458426947e-07 -6.913658910005218358e-05 1.439970448118633879e-06
4.000000000000000000e+00 2.747831588807025938e-01 1.129600101828912842e-03 8.759768222199601842e-03 1.487341687935800274e-04 1.552668539639812835e-07 -1.914376283838696750e-06 6.866042576894738913e-08
5.000000000000000000e+00 3.358358651620368951e-01 2.304937383837475651e-03 2.157788654941581602e-04 1.852336002313411994e-05 5.917321793155533052e-10 7.003665921275118531e-07 1.010576993757012850e-09
6.000000000000000000e+00 2.781677970120495225e-01 3.462846870882801313e-04 8.739580534013193739e-04 1.766346451721781093e-04 -2.241950803472480414e-08 1.158327188589547783e-06 -6.567890149606826039e-08
7.000000000000000000e+00 3.881609329446065182e-01 1.823845124885040830e-02 3.116663731524710323e-02 1.842132887823627564e-03 -1.247066482077297660e-05 -1.422090783508094761e-04 -6.269861751328587534e-06
8.000000000000000000e+00 2.819953384283643283e-01 7.610231480127408930e-05 2.980789701292223585e-04 3.133223043517469633e-05 -2.960430670922216394e-09 8.763671223900131120e-08 -6.360013167788211375e-10
9.000000000000000000e+00 2.819981536756776541e-01 4.293146650759783697e-04 1.851309803135061912e-04 8.005862710307926121e-05 -9.630697242321137408e-09 -1.128100515661704797e-06 -1.498424575471125776e-09
0.000000000000000000e+00 3.127313695807044103e-01 3.952502331946165966e-04 9.901330166991659503e-05 2.222250216552500157e-05 1.034425036671579428e-09 -3.521232766509082565e-08 1.287308535850563935e-10
1.000000000000000000e+00 3.239893556822669440e-01 2.086690616902394865e-02 2.394862137260689999e-02 3.338838868664003364e-03 6.689218697725971403e-06 -2.490820918021440368e-04 -2.909712343841893673e-05
2.000000000000000000e+00 3.519951702365828883e-01 8.282659440160256709e-03 1.609455825376152928e-03 6.029433602204271533e-04 3.790989314304452428e-08 2.657404697308502522e-05 5.927449891775461440e-07
3.000000000000000000e+00 3.227734386395114674e-01 3.220772090582386862e-03 9.100797691091780904e-04 1.073674010558175584e-03 -4.237983845746377236e-07 -5.436117622070248958e-05 9.730393969239422841e-07
4.000000000000000000e+00 2.495512312897265328e-01 1.452443144682162611e-03 7.234250520366391699e-03 9.258053804615736264e-05 7.512914421892818892e-08 1.207803116639386185e-06 -9.805628026574867071e-09
5.000000000000000000e+00 3.097798149750267682e-01 1.576894571407609722e-03 1.792712214461875304e-05 1.587183311157605364e-04 -7.879446949464776072e-09 2.902572463353441985e-06 -3.097305287143658736e-09
6.000000000000000000e+00 2.733958436621342081e-01 2.578877005374720995e-04 1.192583671169040148e-03 1.095329595530773162e-04 2.423783410700370858e-08 1.713081786583039623e-06 -3.130053415465048855e-08
7.000000000000000000e+00 3.670558984910837763e-01 9.666715964824879048e-03 3.198882519839121863e-02 2.964546340791284276e-03 -2.584411631110285437e-05 -7.460619126309293902e-05 1.286542346921677606e-05
8.000000000000000000e+00 2.449196959886662528e-01 8.539607895327902437e-06 7.443809134217984019e-05 3.633779642358796864e-05 -1.874285257030876267e-09 4.196664989842973368e-09 2.423262768869669789e-10
9.000000000000000000e+00 2.645734202930394297e-01 1.502604215826106168e-03 9.528645003168678945e-04 9.915256694558980159e-05 -2.193817000969185246e-10 3.841591339755368965e-08 -3.047616140042576928e-08
0.000000000000000000e+00 6.119379435762570818e-01 7.401083377572253551e-04 1.837128684293413538e-03 3.117361253279749521e-03 -1.073416415787983427e-07 3.552106481723311791e-05 -7.459428025103852607e-06
1.000000000000000000e+00 4.244781271259027711e-01 6.051959695927194849e-02 4.057162585991882359e-06 1.904573724411879124e-03 1.602718924859465600e-07 -8.443407219927242429e-05 -4.839884309962029441e-08
2.000000000000000000e+00 6.062540708819046387e-01 2.308556902335421809e-02 1.380917459479871767e-02 3.335799962965640790e-03 3.600480213323119977e-06 4.041314738414096964e-04 2.235226381198596792e-05
3.000000000000000000e+00 5.653334170756222354e-01 1.528462704014794124e-03 1.795054677102113014e-03 9.128178198589725206e-03 -4.036000993084066840e-07 -2.317565499789047659e-04 3.694784357281412465e-05
4.000000000000000000e+00 3.624224720431656888e-01 4.099815905945002753e-03 2.687837589644617720e-02 8.844182505905247727e-04 3.339057444867912027e-06 -1.382898552584926147e-05 2.728522678526153259e-06
5.000000000000000000e+00 5.359575051290574876e-01 6.884146961587011247e-03 7.499634814296551226e-04 2.325975766915542881e-03 1.863629142294099663e-06 1.875190694894382157e-04 2.442203588246211709e-06
6.000000000000000000e+00 4.510600670651696564e-01 1.260145534122294195e-03 2.959987019696823894e-03 2.625182610982107999e-03 2.048140843052039543e-06 7.154895701891498898e-05 -7.025397854696754639e-06
7.000000000000000000e+00 6.130063285937373818e-01 5.121445238123301102e-02 1.556233957675862700e-01 8.206161374304866626e-03 -2.920457071683301873e-04 -7.212019224736674217e-04 -2.662012019315744158e-05
8.000000000000000000e+00 4.517640953973978135e-01 2.415970934713459334e-03 3.593209750051807542e-04 6.724760120976047955e-04 -2.238261665415849208e-08 -2.376239153724422313e-05 3.298060677088194977e-07
9.000000000000000000e+00 4.719917702509003332e-01 2.760855639716982939e-03 5.890239400402891420e-04 7.177668414985067526e-05 5.365728940435855188e-09 -3.761843986816814439e-06 1.374851315412573442e-08
0.000000000000000000e+00 6.413770250678539897e-01 2.729984658678760810e-03 4.313243691007063660e-03 9.502542344676605940e-03 -2.482161778888180388e-05 2.235803082094275950e-04 5.554209549454639774e-05
1.000000000000000000e+00 5.099567805234794804e-01 9.487012706860149802e-02 1.517366989901848670e-03 3.696986912068946605e-03 7.193994598661554923e-06 -4.356250354934970617e-05 4.991794699198187650e-06
2.000000000000000000e+00 6.698575329995448691e-01 4.833074271822236645e-02 1.790637709580834847e-02 4.489794680072654517e-03 1.172023121464597525e-05 5.687671161317687770e-04 -3.851335452687473771e-05
3.000000000000000000e+00 6.028750028919047654e-01 7.809117635648374182e-03 8.006062251190262588e-03 1.026443066956040859e-02 7.507020737356344159e-05 -1.491269433346924462e-04 -5.497802419111639638e-05
4.000000000000000000e+00 3.971176670739026138e-01 4.023408822857841780e-03 3.801591313213682766e-02 6.410504139925192989e-04 7.734845694157196600e-07 -2.248263185208923792e-05 -3.068634015908104846e-06
5.000000000000000000e+00 5.528437903541733034e-01 7.578951992560547211e-03 2.498079975421450914e-03 4.637957862596991943e-03 6.252297485799868808e-06 3.919714543613186074e-04 -1.449589531649585726e-05
6.000000000000000000e+00 4.619712102268741516e-01 8.221632887764623735e-04 4.452753276766825002e-03 3.381374349178105192e-03 3.401562711924642038e-06 6.888967497667890314e-05 1.267201296993294316e-05
7.000000000000000000e+00 6.334051206575297410e-01 4.910077750737616015e-02 1.858264998579988447e-01 1.268597136253751465e-02 -6.138168877639275760e-04 -1.514401929660560628e-03 5.111425712196301561e-05
8.000000000000000000e+00 4.578752034233557477e-01 1.666796150626031515e-03 2.305100338931690470e-03 7.172113173485629434e-04 4.029085837292314109e-07 -2.810003632670869230e-05 -8.295060631402190319e-07
9.000000000000000000e+00 5.157270102328314065e-01 4.542847017317414894e-03 1.239452121272919920e-03 4.589502007990028205e-04 3.434071633430439048e-07 1.226822260741858428e-05 4.348251398822833671e-08
0.000000000000000000e+00 5.527225590199604799e-01 3.589723957160744720e-03 2.769826229633851403e-04 1.711051986420979783e-04 3.555847553850253530e-08 3.034175319747859831e-06 1.109612717576326700e-08
1.000000000000000000e+00 4.194911707137396473e-01 6.652685319061567293e-02 1.142664607555682029e-03 1.354434598173110283e-03 1.238492482955055190e-06 -2.333313505369346359e-05 1.142504331243562849e-06
2.000000000000000000e+00 6.199540593398487065e-01 4.071234639580741110e-02 1.495412943683238280e-02 4.947522188408239735e-03 2.066903051048933913e-05 8.369660540034951123e-04 -3.719967653706254460e-05
3.000000000000000000e+00 5.173559081414065286e-01 4.460277035535362318e-03 1.850053618549942760e-03 5.382501899372305401e-03 3.459243867303664538e-06 -1.685490740539220540e-04 -1.662912210091296755e-05
4.000000000000000000e+00 3.505884781539998496e-01 3.742801309247887741e-03 2.426668268278687340e-02 5.391135734895298719e-04 1.428956379358341364e-06 -7.018932814660553207e-06 -1.326810446365338370e-06
5.000000000000000000e+00 5.380996016208638988e-01 8.310304014349068069e-03 2.437483605215915957e-04 1.243056278381227120e-03 3.869499122825320805e-07 1.125242971734630247e-04 -5.643147001734433414e-07
6.000000000000000000e+00 4.542282622121901481e-01 1.417361267698309278e-03 2.995034408186108763e-03 1.905702755030234084e-03 5.280515311682538986e-07 6.230348455652877490e-05 4.522127173043965745e-06
7.000000000000000000e+00 6.142808530338613737e-01 5.026141778783680542e-02 1.652316474312491013e-01 9.371772602240226874e-03 -3.677923086881927693e-04 -6.253295742610869143e-04 -2.710978382125106957e-05
8.000000000000000000e+00 4.350613449561386847e-01 1.417252019188318824e-03 8.726874604553116034e-04 4.374192048289033850e-04 6.923372042675588481e-08 -1.388175491061809681e-05 -2.612379458575996158e-07
9.000000000000000000e+00 4.466434384409802005e-01 2.183142828005362086e-03 7.865407974671874067e-04 7.595092490560296876e-05 -1.216982785003033569e-08 3.549320705685681732e-07 1.401782443066219280e-08
0.000000000000000000e+00 3.173911691169774008e-01 3.290285556415284288e-04 2.880322201600247827e-04 6.074018449293131953e-05 7.989658931383701819e-09 -2.292097663753521658e-07 8.434209223510085316e-10
1.000000000000000000e+00 3.774329426867000237e-01 2.853217298597175017e-02 4.452927252885768850e-02 6.683664492829574644e-03 3.347175167404672160e-05 -4.729003358746725321e-04 1.103389233686446742e-04
2.000000000000000000e+00 3.609660420462748043e-01 7.636740262810103909e-03 1.661359122685117113e-03 9.649852141301466834e-04 -2.354214541783802749e-08 3.386812710425068305e-05 -1.221608702337729501e-06
3.000000000000000000e+00 3.237087767661092075e-01 1.883914848311682823e-03 7.072508858831630298e-04 1.264386349471520237e-03 -4.800314807790383432e-08 -4.818585147903396899e-05 -1.194692548841551629e-06
4.000000000000000000e+00 2.379190308551348831e-01 1.144623146464123810e-03 6.199986348051541793e-03 1.141171968417617542e-04 8.675244419927927507e-08 -2.248536743412594547e-07 -4.108435891946747345e-08
5.000000000000000000e+00 3.210942826516333115e-01 2.991447430173287125e-03 1.808533264899721542e-05 2.012809507694110066e-04 -8.574471276261479031e-09 8.734950947287927942e-06 -8.599937037917043441e-09
6.000000000000000000e+00 2.767291402340947282e-01 3.670727100687036764e-04 2.029789140081011620e-03 2.425033273182016012e-04 1.188943770625639017e-07 4.507896010903906337e-06 1.217011025247277110e-07
7.000000000000000000e+00 3.675297350880011304e-01 7.842290842137321707e-03 3.237781956028680519e-02 3.413875857211925817e-03 -3.053964091731900689e-05 -5.766910813077391314e-05 -1.885610006450201017e-05
8.000000000000000000e+00 2.518799675277855199e-01 1.958055102867725943e-04 3.451576796878507228e-04 4.641006499806897730e-05 -5.387305215909289833e-09 4.681709260655557577e-07 -2.340880403370161300e-09
9.000000000000000000e+00 2.869828048504721729e-01 2.253216525074403388e-03 1.635622658751667569e-03 2.008840988277473940e-05 3.208045327209782876e-09 2.175203780825982058e-07 -1.722707432983048278e-09
0.000000000000000000e+00 3.127313695807044103e-01 3.952502331946165966e-04 9.901330166991659503e-05 2.222250216552500157e-05 1.034425036671579428e-09 -3.521232766509082565e-08 -1.287308535850563935e-10
1.000000000000000000e+00 3.239893556822669440e-01 2.086690616902394865e-02 2.394862137260689999e-02 3.338838868664003364e-03 6.689218697725971403e-06 -2.490820918021440368e-04 2.909712343841893673e-05
2.000000000000000000e+00 3.519951702365828883e-01 8.282659440160256709e-03 1.609455825376152928e-03 6.029433602204271533e-04 3.790989314304452428e-08 2.657404697308502522e-05 -5.927449891775461440e-07
3.000000000000000000e+00 3.227734386395114674e-01 3.220772090582386862e-03 9.100797691091780904e-04 1.073674010558175584e-03 -4.237983845746377236e-07 -5.436117622070248958e-05 -9.730393969239422841e-07
4.000000000000000000e+00 2.495512312897265328e-01 1.452443144682162611e-03 7.234250520366391699e-03 9.258053804615736264e-05 7.512914421892818892e-08 1.207803116639386185e-06 9.805628026574867071e-09
5.000000000000000000e+00 3.097798149750267682e-01 1.576894571407609722e-03 1.792712214461875304e-05 1.587183311157605364e-04 -7.879446949464776072e-09 2.902572463353441985e-06 3.097305287143658736e-09
6.000000000000000000e+00 2.733958436621342081e-01 2.578877005374720995e-04 1.192583671169040148e-03 1.095329595530773162e-04 2.423783410700370858e-08 1.713081786583039623e-06 3.130053415465048855e-08
7.000000000000000000e+00 3.670558984910837763e-01 9.666715964824879048e-03 3.198882519839121863e-02 2.964546340791284276e-03 -2.584411631110285437e-05 -7.460619126309293902e-05 -1.286542346921677606e-05
8.000000000000000000e+00 2.449196959886662528e-01 8.539607895327902437e-06 7.443809134217984019e-05 3.633779642358796864e-05 -1.874285257030876267e-09 4.196664989842973368e-09 -2.423262768869669789e-10
9.000000000000000000e+00 2.645734202930394297e-01 1.502604215826106168e-03 9.528645003168678945e-04 9.915256694558980159e-05 -2.193817000969185246e-10 3.841591339755368965e-08 3.047616140042576928e-08
0.000000000000000000e+00 6.349077917398773252e-01 2.105741996829811787e-03 1.170063987829243583e-02 1.306526155541942735e-02 -1.190052712622855727e-04 -5.102153808887496377e-04 1.092389316566036439e-04
1.000000000000000000e+00 5.660764160000006928e-01 8.207645066500500464e-02 1.576479580101978473e-01 2.109538458320099272e-02 -2.458928389795331411e-04 -4.380048068683070617e-03 1.191427356162617955e-03
2.000000000000000000e+00 6.261611196548544367e-01 1.005013690942725343e-02 2.287462946545967823e-02 4.070877295303267605e-03 -1.381581288777434459e-05 1.944282223003709442e-04 -3.677375025449478279e-05
3.000000000000000000e+00 6.460827422198534009e-01 6.867475832273273574e-04 3.729854445431893956e-03 1.525261628821077652e-02 7.693451875031237866e-05 -1.985684545049860156e-04 -8.553425906656863761e-05
4.000000000000000000e+00 4.166319279038729340e-01 9.372315187844390202e-03 4.258293207325757751e-02 1.264768210825417336e-03 8.985411148968171124e-06 6.109129347382740826e-05 -2.327012231550384562e-06
5.000000000000000000e+00 5.707565206077398479e-01 2.985990765372601233e-03 5.334496671903878225e-03 1.645963689289221040e-03 -1.025854242702799780e-06 8.621241508679624113e-05 -4.768167230269927659e-06
6.000000000000000000e+00 4.603806518747277643e-01 2.507938720402864453e-03 3.053307565661698281e-02 1.467332644221222169e-03 2.304780731709390120e-06 -7.294880414605858657e-05 -9.547250520927811227e-06
7.000000000000000000e+00 6.265811431383001562e-01 3.498609448461127702e-02 1.397161706275861781e-01 1.838515130614423385e-02 -9.310293465083377493e-04 -1.059515937505822996e-03 -3.796534343269259652e-05
8.000000000000000000e+00 4.270782280556001398e-01 1.402244735605436346e-03 2.892738290929513286e-03 8.115043687205904114e-04 -1.200275233579679720e-06 -1.996965815050293303e-05 3.244080017033797916e-07
9.000000000000000000e+00 4.671826774691355544e-01 2.056148571496399079e-03 1.550092185104685015e-02 4.166531629000034469e-04 -1.055645783757360595e-06 -4.080532949431927221e-07 8.251104322951402000e-08
0.000000000000000000e+00 2.913088991294227048e-01 7.755329810678974947e-04 1.803981700899101094e-04 2.434798993993626077e-05 5.019764796250044856e-10 4.465938357410920143e-07 1.533591415348016671e-09
1.000000000000000000e+00 2.390118276115426044e-01 1.944170072921474340e-02 6.084023427673241474e-04 6.810454199372055831e-05 -6.221779258655659458e-09 -9.283634835893486549e-06 1.238847426011504870e-08
2.000000000000000000e+00 4.557757267972873949e-01 1.212189815015146666e-02 4.730361212672604988e-03 3.434629879624095591e-03 -1.160738685258134008e-05 -9.135306573852735126e-05 -7.545179984225082500e-06
3.000000000000000000e+00 4.035504020902854760e-01 7.881183632075546355e-03 2.136368756679541542e-03 7.835070295249990657e-03 -2.469028658394604675e-06 -6.761093079467149361e-04 -3.196026442663361700e-05
4.000000000000000000e+00 2.814156138645936833e-01 3.656163759347368005e-03 1.139726394613349396e-02 6.430751377427245665e-04 8.760235208690981976e-07 -1.635495349586836767e-05 -1.504520385549420611e-06
5.000000000000000000e+00 4.856481550944662384e-01 1.743819654739189179e-02 1.947454200463897157e-03 1.939043789398955811e-03 1.209304138852001839e-06 -1.680654558111252376e-04 -3.568708357457287632e-06
6.000000000000000000e+00 3.116966330606224522e-01 4.364501717086643876e-04 1.310644706526505835e-03 7.945928819063855907e-04 -7.973538533782259167e-07 9.110391092879739779e-06 1.475195059112586823e-07
7.000000000000000000e+00 5.003359037058614511e-01 9.069989876185853561e-03 7.421664822393718441e-02 5.431062031816433558e-03 -7.955715498921939980e-05 6.913049931807054363e-05 -7.456501218656882675e-05
8.000000000000000000e+00 2.962507322012993827e-01 4.862147055720943524e-04 6.387060469073078516e-04 6.767725181723368709e-05 -1.273546039963492126e-08 -8.300617558365341555e-07 -5.982610483482096974e-09
9.000000000000000000e+00 3.242514235413506141e-01 3.792349977315376611e-03 8.381489049802146128e-04 5.404017541437923684e-04 -3.603855443812532308e-07 -2.437098100846210542e-05 4.894209856810415127e-08
0.000000000000000000e+00 5.386496260376427703e-01 3.351421605323093994e-03 1.319572259620639199e-03 9.096882933565626425e-04 5.139642776671230248e-07 3.068218608957777024e-05 8.539382984902509195e-07
1.000000000000000000e+00 5.619281526292354556e-01 7.851058409605511657e-02 1.567163069536432474e-01 2.317704174651132390e-02 -3.553380909685692306e-05 -3.758155736995445143e-03 1.396379710182844933e-03
2.000000000000000000e+00 5.954769773258433707e-01 1.711066716118882572e-02 1.914193318747767214e-02 3.914731318848068027e-03 6.614554848659503093e-06 3.840196971221215144e-04 -3.323618028241765479e-05
3.000000000000000000e+00 5.380423566817718051e-01 1.004423712668855951e-03 1.465861682933230310e-03 7.923493369857736654e-03 -3.922030469028268225e-06 -1.738017750760726169e-04 -2.671725438051085922e-05
4.000000000000000000e+00 3.354263849189652591e-01 3.910857127975402199e-03 1.995396049667517296e-02 5.129372022514798717e-04 1.640065845900194704e-06 -4.985180164860102429e-07 -5.561640349651678323e-08
5.000000000000000000e+00 4.494785732693142855e-01 2.930240583624748110e-03 6.509191257155931207e-04 2.112206546988573946e-03 -2.467338095751584075e-06 7.202250669371158809e-05 2.147919415244607579e-07
6.000000000000000000e+00 4.225604133614054847e-01 9.547655748036197381e-04 6.441128073457346066e-03 2.914444857565135633e-03 8.182141124866937028e-06 8.829080135771207754e-05 9.617919735010875028e-06
7.000000000000000000e+00 6.267929744442420903e-01 4.409200318056288176e-02 1.696275290071170005e-01 1.752831168361216121e-02 -9.288050848080634534e-04 -8.798270712065629079e-04 -2.254729192970495344e-04
8.000000000000000000e+00 4.030129706137219880e-01 7.942240375620763376e-04 7.926698298226862293e-04 2.671789765033353008e-04 -7.779901802700774460e-08 -7.306478871145893336e-06 -9.521281972048996928e-08
9.000000000000000000e+00 4.322751859538095376e-01 8.670108409425761678e-03 5.549684930055909932e-03 4.307361314702730132e-04 4.128393233953147917e-07 1.612185995091511783e-05 5.225633828478522678e-07
0.000000000000000000e+00 3.432057600000003594e-01 5.144420601855860531e-04 5.562603812034115462e-04 3.684373624812820741e-04 -2.134503256552496895e-08 4.321834364629363687e-06 1.654241763682509779e-07
1.000000000000000000e+00 3.497597367833202298e-01 3.309649984551207152e-02 1.600794605108394383e-03 3.877969800961981409e-04 1.794275119010492011e-07 -1.203729070878728038e-05 2.473119414479156372e-07
2.000000000000000000e+00 3.670104105776786918e-01 1.076219033979716744e-02 1.302569249194127522e-03 4.298982770513567466e-04 -7.487945098539437252e-08 3.400457363143188710e-06 -3.128625258709518983e-07
3.000000000000000000e+00 3.655348148148149789e-01 2.429432430422163221e-03 7.809693044148555835e-04 1.590980361349064905e-03 7.459963609588879500e-07 -5.171935625343537270e-05 -1.608895803590379512e-06
4.000000000000000000e+00 2.859533458357314539e-01 1.255563788034796393e-03 1.000194604346537133e-02 3.649925131545669801e-04 6.679199375843377467e-07 2.991730392822188421e-06 2.005465263160509454e-07
5.000000000000000000e+00 3.308955350676607843e-01 2.720288025279216614e-03 3.376240777033674679e-04 7.607236937088004600e-05 8.045661163146647891e-09 3.604824343885600568e-06 -9.159693937046306788e-09
6.000000000000000000e+00 2.888554647766752304e-01 1.179764555835263317e-04 1.122037749785126989e-03 3.827244090385286649e-04 1.020293957843728348e-08 4.111340796958510209e-06 2.505955245891578394e-07
7.000000000000000000e+00 3.679980054964963054e-01 1.176067134888379891e-02 3.096420451197086365e-02 1.970017692692692390e-03 -1.485176320399250606e-05 -7.126004851249783030e-05 -4.020497639682215047e-06
8.000000000000000000e+00 2.771758016605765373e-01 7.805311394113742887e-05 2.871730407792287857e-04 8.448367462476971408e-05 -1.293192457691010392e-08 -6.523868479316482876e-07 2.435384659103048768e-09
9.000000000000000000e+00 3.053763752925339192e-01 5.695012066204011621e-04 1.469746106257540546e-04 4.704884574139208802e-05 1.550510172022592449e-09 -4.343054595654980629e-07 -3.592059082923016131e-09
0.000000000000000000e+00 3.368333211721283860e-01 7.216274791849992376e-05 3.004787893022755761e-04 2.043767751420495966e-04 -1.921637870564110519e-08 1.049632246589395122e-06 4.685995390658451079e-08
1.000000000000000000e+00 3.512589580084101715e-01 2.887131928217994900e-02 9.526766937295602991e-04 7.396100533260247228e-04 6.204364284706417094e-07 -7.644617557844097990e-05 2.227400787355400251e-08
2.000000000000000000e+00 3.679186952849961001e-01 1.308367401001628641e-02 1.346069775622000956e-03 4.161327454599965674e-04 8.061838907266774659e-09 1.169446300070592408e-05 -3.113408282979399943e-07
3.000000000000000000e+00 3.423998244170095573e-01 3.243431733377699026e-03 6.701805911718196514e-04 1.473253665361976125e-03 -2.636214901458426947e-07 -6.913658910005218358e-05 -1.439970448118633879e-06
4.000000000000000000e+00 2.747831588807025938e-01 1.129600101828912842e-03 8.759768222199601842e-03 1.487341687935800274e-04 1.552668539639812835e-07 -1.914376283838696750e-06 -6.866042576894738913e-08
5.000000000000000000e+00 3.358358651620368951e-01 2.304937383837475651e-03 2.157788654941581602e-04 1.852336002313411994e-05 5.917321793155533052e-10 7.003665921275118531e-07 -1.010576993757012850e-09
6.000000000000000000e+00 2.781677970120495225e-01 3.462846870882801313e-04 8.739580534013193739e-04 1.766346451721781093e-04 -2.241950803472480414e-08 1.158327188589547783e-06 6.567890149606826039e-08
7.000000000000000000e+00 3.881609329446065182e-01 1.823845124885040830e-02 3.116663731524710323e-02 1.842132887823627564e-03 -1.247066482077297660e-05 -1.422090783508094761e-04 6.269861751328587534e-06
8.000000000000000000e+00 2.819953384283643283e-01 7.610231480127408930e-05 2.980789701292223585e-04 3.133223043517469633e-05 -2.960430670922216394e-09 8.763671223900131120e-08 6.360013167788211375e-10
9.000000000000000000e+00 2.819981536756776541e-01 4.293146650759783697e-04 1.851309803135061912e-04 8.005862710307926121e-05 -9.630697242321137408e-09 -1.128100515661704797e-06 1.498424575471125776e-09
0.000000000000000000e+00 3.041172746751258371e-01 4.561855421634611091e-04 3.937757364495902789e-05 2.568861706025884781e-06 -2.572605762582053669e-11 -4.468405197786555505e-08 2.387567582023758509e-12
1.000000000000000000e+00 3.106601857127185284e-01 2.322770102695654801e-02 5.798069683506516022e-04 3.934009641477928748e-04 1.818185186821589306e-07 -2.894936056212779276e-05 4.736289991995989285e-08
2.000000000000000000e+00 3.442517184892769921e-01 6.938347054031509392e-03 4.025125815152239385e-04 1.850264426898286154e-04 -1.411121060212961692e-08 -3.734668867116249174e-06 -4.848221775481335014e-08
3.000000000000000000e+00 3.334409100114962277e-01 3.636005395622247081e-03 6.840066005238541920e-04 9.256594109036577877e-04 -3.938431771068039412e-07 -5.349440799848101499e-05 -6.224189150511969667e-07
4.000000000000000000e+00 2.724877146947778384e-01 1.113816755127706570e-03 8.743248866428953228e-03 1.338354236956952094e-04 1.312595550062103918e-07 -1.418536733465228402e-06 -6.107927703956050124e-08
5.000000000000000000e+00 3.033331946971895565e-01 2.463592565244198795e-03 9.669818966430036638e-05 3.053453260298643587e-05 -9.578176510800949960e-10 1.485675609080703347e-06 -1.354804916016570635e-09
6.000000000000000000e+00 2.797004489005320282e-01 3.401328576389271502e-04 5.538197664250068923e-04 1.494690913848436772e-04 -1.791787845431378048e-08 1.250987620578036197e-06 3.909366492892983452e-08
7.000000000000000000e+00 3.913497376093295621e-01 1.926911318401008585e-02 3.242295691121049872e-02 1.772262294715875545e-03 -1.216575533273935792e-05 -1.412238050319200859e-04 5.698905740337116407e-06
8.000000000000000000e+00 2.696616313329269765e-01 8.881293641760970277e-05 1.073114058589863957e-04 3.285674136854566048e-05 -1.752234650364854159e-09 1.937443313075139886e-07 -8.579725622480065356e-10
9.000000000000000000e+00 2.702323377042734620e-01 2.686676241695631429e-04 1.742663972768997063e-04 5.349417157306654493e-05 -4.617860369238222294e-09 8.576914746531742629e-08 2.313465749080539702e-09
0.000000000000000000e+00 2.938241958984150193e-01 1.349599664208511697e-03 7.646474311606316922e-05 4.785950858234461766e-05 5.383266093824353671e-10 1.391678840867646612e-06 2.844742048642072258e-09
1.000000000000000000e+00 2.497272877855126749e-01 1.812174821464106883e-02 1.168317503417673232e-04 6.494335447669379816e-05 3.701238408225802514e-10 2.029315376083673380e-06 5.644831066178671911e-09
2.000000000000000000e+00 4.218633895325053507e-01 1.351177992943798645e-02 1.819379461140241752e-03 2.111868485804134585e-03 -4.113400309568584878e-06 -2.123853050012826870e-04 -4.653039552517972370e-07
3.000000000000000000e+00 3.841943752542460455e-01 2.623313696480449216e-03 1.454735827778246525e-03 6.784673335957239204e-03 -9.833599325608346001e-08 -3.313165382575079115e-04 -2.131478023348164349e-05
4.000000000000000000e+00 2.754828892774989768e-01 2.614825133167576234e-03 1.126826920800065752e-02 5.203115005113643143e-04 6.943228383475157121e-07 -1.419493720298508268e-05 -1.051272404790374544e-06
5.000000000000000000e+00 4.972666173559642244e-01 7.694468277746297630e-03 4.244108539185025529e-03 2.722706648840114534e-03 3.844280259280953467e-06 -2.149653250343892276e-04 -8.419244180774216455e-06
6.000000000000000000e+00 3.112222968321022298e-01 1.130351089905395120e-03 1.285201308604632872e-03 4.809578001325245369e-04 -3.681756359030324662e-07 5.817461388011157019e-06 8.621036395765716635e-08
7.000000000000000000e+00 4.926300071074504738e-01 1.555712486099931208e-02 6.941793073383020762e-02 4.923004706681968073e-03 -5.048530922589029770e-05 2.615397610461800458e-04 -7.572154311622454940e-05
8.000000000000000000e+00 2.917099073855498048e-01 1.878817537861734934e-04 2.996529188422724201e-04 6.160879441477840957e-05 -8.369680182075929654e-09 -8.316201785540571038e-07 -1.442129589777857230e-10
9.000000000000000000e+00 3.192562726948748875e-01 2.563588663229668559e-03 4.857941518240790836e-04 4.494529940506701527e-04 -2.065177435949126285e-07 -1.807956186813540651e-05 -3.817299374120634639e-08
0.000000000000000000e+00 2.981443405151367188e-01 1.004349710456153844e-03 6.636582834425655553e-05 1.200651960549595221e-05 2.745075887591540489e-10 -1.369873755162850223e-07 -1.987781527217657786e-10
1.000000000000000000e+00 2.769537495742958599e-01 2.440658157620493110e-02 7.491992600006059863e-05 2.012649022801517328e-04 2.223750638737200781e-08 -6.437132011052241531e-06 1.078409744268800755e-08
2.000000000000000000e+00 4.180744786661951262e-01 1.824321734886348578e-02 2.361858368486923800e-03 1.914745277804839061e-03 -3.310366445914950839e-06 -1.990704315969898670e-04 -2.370983670803627688e-06
3.000000000000000000e+00 3.996393635732355953e-01 4.484496526325303795e-03 2.311837714580730271e-03 7.098435911778710854e-03 2.091927659140192314e-07 -4.702036928745887963e-04 -2.875485475194752456e-05
4.000000000000000000e+00 2.726383391266246625e-01 2.681156335763802689e-03 1.041695656007807919e-02 4.817763262799633372e-04 5.712419691317450901e-07 -1.600278483781732863e-05 -9.157248317423650313e-07
5.000000000000000000e+00 4.634057313004012468e-01 1.437645106008317644e-02 3.353758797382810474e-03 8.703946409503609573e-04 9.452147035512326756e-07 -9.276648786149866203e-05 -1.148057532462413251e-06
6.000000000000000000e+00 3.181130664068119174e-01 1.182453788380626600e-03 1.457436886412069067e-03 7.181346004653069723e-04 -6.967254376934768693e-07 5.918524124586608444e-06 2.331134635017655523e-07
7.000000000000000000e+00 4.807848265053216719e-01 1.331048599734383810e-02 6.700340628170589619e-02 4.048762515958877206e-03 -3.308298335544522821e-05 2.020160146501141145e-04 -5.790062212031111589e-05
8.000000000000000000e+00 2.834543592846051063e-01 1.640391476656396640e-04 2.546790467225980726e-04 6.410446310260680791e-05 -7.673759045109598913e-09 -7.706064040666026456e-07 -2.864167752137977904e-09
9.000000000000000000e+00 3.095977972398873401e-01 1.923521503713622547e-03 1.683777492909156270e-04 5.572569474773773771e-04 -1.694184719298229302e-07 -1.087774423420151782e-05 -2.085202130784281261e-08
0.000000000000000000e+00 2.914847372064642839e-01 1.131857603709232347e-03 2.749729862224742808e-05 2.254499144531415385e-06 -3.329301074295075082e-12 5.497306874934467102e-08 1.743587802016642289e-11
1.000000000000000000e+00 2.770033532584925129e-01 2.419909710429275426e-02 8.661481715674029867e-05 1.919183309188702831e-04 2.171629035977218911e-08 -7.314975827566274490e-06 1.186046964745474869e-08
2.000000000000000000e+00 4.332237563006798853e-01 1.467114221333615590e-02 1.302852378523671568e-03 1.873520861916390086e-03 -2.924272659737065336e-06 -2.032855961011328808e-04 -1.282918962935771079e-07
3.000000000000000000e+00 3.996366266066829764e-01 3.766269414141792081e-03 1.522370063117412442e-03 7.365646728819838680e-03 -6.931727339291353309e-06 -4.514047807306298074e-04 -2.367066298265718913e-05
4.000000000000000000e+00 2.925987919343496779e-01 2.786611993748969000e-03 1.370727839313636356e-02 4.668037734987593021e-04 -1.436613311514179536e-07 -2.241698414471029549e-05 -1.172030400014834209e-06
5.000000000000000000e+00 4.846049768446886730e-01 9.747475603139496916e-03 6.893510234965609731e-03 2.741314826823884870e-03 -4.107044685717580071e-06 -1.642669710432537969e-04 -1.118667105258629715e-05
6.000000000000000000e+00 3.117515205017158397e-01 1.468933059694852751e-03 7.532575101821930566e-04 6.044533651683148788e-04 -4.057408375612425462e-07 -1.366327884089338981e-06 -4.156735249145129263e-08
7.000000000000000000e+00 4.853610574336389982e-01 1.498788123802491726e-02 6.686134788421212172e-02 4.570177663972706597e-03 -4.150027368567028331e-05 2.450779801783502265e-04 -6.826408717863073790e-05
8.000000000000000000e+00 2.812788889196117248e-01 5.147384671540370627e-06 3.796564996696124065e-04 4.227253544174410898e-05 -5.066711774140500116e-09 -5.338244228426488884e-08 -1.734227720340300547e-09
9.000000000000000000e+00 3.135812145333974899e-01 1.296654427976538706e-03 2.700245766380036786e-04 5.678176076047655209e-04 -2.122258650441128379e-07 -8.135304528727900486e-06 -6.629215428334200870e-08
0.000000000000000000e+00 4.320224877033126409e-01 4.361683558388992042e-03 8.503457211543847399e-03 1.430454614191191669e-03 2.836919620530637679e-06 9.329452808884158182e-05 4.103837129472907707e-06
1.000000000000000000e+00 4.075728240268255975e-01 7.448117756366547928e-04 1.693621540087431564e-03 3.439354440899257143e-05 -8.130494879977553562e-09 -9.014660211105125512e-07 -1.673166820278369667e-09
2.000000000000000000e+00 4.979133722363772163e-01 7.169643211478284386e-03 7.541317414082622517e-02 2.882238470635046200e-04 -8.702518055571947206e-07 -2.280594606820485860e-05 -1.023877848662034343e-06
3.000000000000000000e+00 5.463965945203135277e-01 7.362158987327725376e-03 4.208205650096399041e-04 7.056750669853405688e-04 -7.130875475605250426e-09 4.084069861771082296e-05 3.844863777216230593e-07
4.000000000000000000e+00 5.345852638484567265e-01 3.344616766214530273e-02 8.613499463312353915e-03 5.437362733240851120e-03 2.679897604559553935e-06 -7.906636748801151599e-04 -3.711445302304808150e-05
5.000000000000000000e+00 5.210891008783020695e-01 1.139343961088138367e-02 2.027724430513746894e-03 1.986835792398020627e-03 -3.288471512536113771e-06 -1.821061806595902278e-04 2.255999487749562772e-06
6.000000000000000000e+00 4.147264878509396846e-01 7.071849655833174764e-02 1.611073362783209861e-04 1.174792382763887449e-03 4.954163487905691610e-07 -3.729472398845126095e-05 -1.256104479582060262e-07
7.000000000000000000e+00 4.528787150828572639e-01 1.581087488218961903e-02 3.279930038686447186e-03 8.977278916990636196e-03 -4.035649141029423612e-05 -1.049582102561119829e-03 -2.728294436024725241e-05
8.000000000000000000e+00 5.926260237991339830e-01 2.685404187514126712e-02 1.250917806704045787e-01 8.150170362342213509e-03 -2.514345247207275128e-04 -8.184203019877449650e-04 6.710091784469708761e-05
9.000000000000000000e+00 4.334026911246210423e-01 8.061922954389257739e-03 8.729639746542375636e-03 1.003512293402019718e-03 2.951433603034547773e-06 8.962949566669225273e-05 3.331456915348983167e-07
0.000000000000000000e+00 4.365888840885880917e-01 4.918638005841574103e-03 8.858255204692433785e-03 1.401083230123926441e-03 3.149988380955311397e-06 9.628368078823134376e-05 3.800143531251383163e-06
1.000000000000000000e+00 4.010197662959026355e-01 4.402371620435276372e-04 2.052206293559693043e-03 5.582738086650577947e-05 -1.424564085677222145e-08 -1.127630994718466050e-06 1.241529117871903754e-08
2.000000000000000000e+00 4.908801270087389534e-01 8.143668759971176008e-03 7.353192918702980418e-02 8.388622869384472925e-04 1.111150762265752939e-06 -4.073387891441941866e-05 -6.493932901470345125e-06
3.000000000000000000e+00 4.778886959876543217e-01 2.597952506796941466e-02 6.311506968442397170e-03 1.035142065100364168e-02 -5.167012759271991649e-05 -1.604783472016820195e-03 -6.580851335044562544e-05
4.000000000000000000e+00 5.190062930828656107e-01 1.018746689099949559e-02 1.966043775807448882e-03 2.136798862521960621e-03 -4.235203131740455180e-06 -2.058928111605648785e-04 1.115626659743122964e-06
5.000000000000000000e+00 4.936102456953238571e-01 6.825969291861213456e-03 6.734200939920043788e-04 5.567483795514457229e-05 -7.089440458051986614e-10 -4.506161399301174844e-06 -1.075697932753592938e-08
6.000000000000000000e+00 3.539051041824703980e-01 4.654662390773225966e-02 4.577628664270019343e-05 8.767583558649272042e-04 1.309643866503822623e-07 -4.927612058137860246e-05 -1.170474892846563038e-07
7.000000000000000000e+00 5.007996324834347313e-01 2.569156281399720756e-02 5.247526046281402942e-03 4.139107908443728605e-03 -7.245581213088181278e-06 -5.858330679760322601e-04 -1.787776715934937753e-05
8.000000000000000000e+00 5.697009558488845826e-01 1.948869298308664177e-02 1.075732708545068667e-01 7.156120474176868966e-03 -1.685896884550594488e-04 -7.484449680071036384e-04 1.048779978758396768e-04
9.000000000000000000e+00 4.468349962535472786e-01 6.775597835547771987e-03 8.598655383548122269e-03 9.378441964592983343e-04 2.134122989704440765e-06 7.688270143826020462e-05 1.593235495575437717e-06
0.000000000000000000e+00 4.355281207133054888e-01 5.331428147570180069e-03 7.847877929763241722e-03 1.440145834711109140e-03 2.788840079457302182e-06 1.011447317830692735e-04 3.957667157129500755e-06
1.000000000000000000e+00 4.113978416024093310e-01 4.425156930955758739e-04 1.816977442263568217e-03 5.900270750565492130e-05 -9.148304868520170904e-09 -1.167797046065511374e-06 1.701554890680947167e-08
2.000000000000000000e+00 4.931637261805259520e-01 7.898258211759393022e-03 7.373243515858832198e-02 5.835167705201405996e-04 -1.421812520918630717e-06 -4.129567288386444882e-05 -3.553562658754377726e-06
3.000000000000000000e+00 4.710417539593388936e-01 2.449840038156648678e-02 6.153139240024784080e-03 9.783784202415646974e-03 -4.927537598897802805e-05 -1.464053470027161389e-03 -5.774532220338122774e-05
4.000000000000000000e+00 4.787379113351689641e-01 1.305709600026894179e-02 7.083324217251811376e-04 2.178799312038083667e-03 -1.342404865279769922e-06 -1.894517868924701690e-04 -2.350386888379292307e-06
5.000000000000000000e+00 4.856441428512854874e-01 4.650023755076968489e-03 2.565863004296231272e-04 3.466034108939046638e-05 3.199947658946512095e-09 -1.088441064584008590e-06 -6.665491764449646763e-10
6.000000000000000000e+00 3.564399047784658214e-01 4.308086834169660984e-02 1.624723933568514170e-04 9.689166997180595400e-04 -3.458166011212018525e-07 -1.149589554203712288e-04 -1.679249429122794365e-07
7.000000000000000000e+00 5.098757400530183892e-01 2.490533556807756829e-02 6.179086756169049552e-03 3.878429466882894402e-03 -1.072438093963591906e-05 -5.945115724680722280e-04 -1.566769376036407187e-05
8.000000000000000000e+00 5.826549530029296875e-01 2.236114227343932725e-02 1.210266459866666949e-01 7.007126872486751923e-03 -1.930647715417697430e-04 -6.144871675484660277e-04 6.606857267296618213e-05
9.000000000000000000e+00 4.589174804687498055e-01 7.293906833887130528e-03 9.979074157869685310e-03 8.775523486815355522e-04 1.385186931597311980e-06 7.113522468178127992e-05 2.196617770800803314e-06
0.000000000000000000e+00 3.729589260163285180e-01 2.200624531763882043e-03 1.744132967073065092e-04 3.257839833179015178e-05 2.173732908976988965e-09 -6.807818314797372896e-08 1.142628491005827541e-09
1.000000000000000000e+00 2.760709964493296975e-01 1.927874337988629699e-02 5.241547033754611023e-05 3.894757592449774020e-04 -5.466723704693768411e-08 -3.636098463822304500e-05 1.040216156238034323e-08
2.000000000000000000e+00 3.976405108416521950e-01 1.391890073875466476e-02 3.357940857011025744e-03 1.749562122126548970e-03 4.145629636018235026e-08 -1.827137168526846720e-04 -4.240429227083859990e-06
3.000000000000000000e+00 3.775894517444728926e-01 1.141696424997932710e-02 3.019133761999849303e-03 4.842668506811227160e-03 -1.158975678080882489e-05 -4.913296787668623624e-04 -1.444136893356695069e-05
4.000000000000000000e+00 3.547615022802200757e-01 4.441482512255873205e-03 2.562219738127033061e-02 2.831490467431875633e-04 -4.009761517728235919e-07 -1.532559074156883815e-05 -6.487434476769163139e-07
5.000000000000000000e+00 4.089002912591436223e-01 8.278986666120580901e-03 1.156920641020619048e-03 9.469324694436436190e-04 -6.486888180367714416e-08 -1.389759362087455546e-05 9.890041644540501510e-07
6.000000000000000000e+00 3.445077500000000570e-01 2.199240735062493821e-03 5.260937354759236129e-03 5.957918741004253164e-04 3.728580711148991810e-07 2.791989630855417964e-05 9.867101124452094723e-07
7.000000000000000000e+00 4.597326075940600942e-01 1.326891552661401720e-02 5.418093055013085274e-02 2.774211071299235130e-03 -1.149036139653972205e-05 -3.039176914088915224e-04 3.201233187602497743e-05
8.000000000000000000e+00 3.165683343994754040e-01 8.891426519275612435e-05 1.592067204907408927e-03 5.337215430621890168e-05 -1.324664791641810549e-08 -2.141110603551928207e-07 8.159448649611556365e-09
9.000000000000000000e+00 3.460470545719694369e-01 2.210722984779048272e-03 3.456463393655113178e-03 3.853846362116831710e-04 1.728901273231157451e-07 1.370850308325660903e-05 4.098164003165626460e-07
0.000000000000000000e+00 3.839527530882926309e-01 2.810572391695617244e-03 2.019607755456190692e-04 1.806736454703092103e-04 -1.187663680465568295e-08 7.964246326477246774e-06 3.240454211834317935e-08
1.000000000000000000e+00 2.706238749999998472e-01 2.205134167001555900e-02 3.739648373599437125e-04 2.439962855026668229e-04 -7.137655580045593386e-08 -1.808311653977069547e-05 -1.837513534451360884e-08
2.000000000000000000e+00 4.191773145406051393e-01 1.929242974389951473e-02 2.602996354470994006e-03 2.191185167153191903e-03 1.024492610178237731e-06 -1.654210434912876796e-04 -5.131792289701158648e-06
3.000000000000000000e+00 3.736558997095167367e-01 1.287834890738976876e-02 2.141213321488487191e-03 4.439505532349907919e-03 -1.299351363206837471e-05 -4.876320154582885081e-04 -4.303828102924697256e-06
4.000000000000000000e+00 3.638732030324204891e-01 3.671578893969333450e-03 2.782627191345062381e-02 4.036544171104018632e-04 -7.288791727034495998e-07 -1.907726854352236374e-05 -1.139681742449540626e-06
5.000000000000000000e+00 4.108547509360794825e-01 7.724062732292460466e-03 1.571508665649293604e-03 9.930777963733682708e-04 -1.891755661740581106e-07 -2.902128849952378248e-05 1.226096140638498916e-06
6.000000000000000000e+00 3.533379425051466072e-01 1.793459511436215062e-03 4.384952109546753733e-03 4.338634859488334087e-04 1.463243270454966564e-07 1.762776821987031877e-05 5.802633444200698864e-07
7.000000000000000000e+00 4.594243623459596804e-01 1.303914725373819458e-02 5.208585389520677122e-02 3.587534128005964631e-03 -2.169306766886369399e-05 -3.877426825110152626e-04 4.398148606741834806e-05
8.000000000000000000e+00 3.251141208091019585e-01 1.257024510268679772e-04 9.625175122223821045e-04 5.419895708326582867e-05 -1.110166404290892177e-08 -5.906679507650804014e-07 5.476890724791851909e-09
9.000000000000000000e+00 3.491221667465392864e-01 5.310877164592093733e-03 4.486825593669415552e-03 2.952431881656841979e-04 3.334568403934373755e-07 2.115878606419368597e-05 6.541490522809970591e-08
0.000000000000000000e+00 3.803813799792588601e-01 2.059672333059507296e-03 5.388341072231572987e-04 4.789522076331496512e-04 -1.293095255656176411e-07 1.420861884222230566e-05 2.061077325035104395e-07
1.000000000000000000e+00 2.971946159122085263e-01 2.665568957563596922e-02 2.937895744824120287e-04 4.706724802798425847e-04 -1.263717764271762082e-07 1.754810153886312830e-06 -1.210925457997240942e-07
2.000000000000000000e+00 4.201763929486823645e-01 1.812668548662597218e-02 2.976694322238391567e-03 2.245047119124359263e-03 1.961845161499980498e-06 -1.911950552254029604e-04 -5.462064840435198874e-06
3.000000000000000000e+00 3.781560356652950983e-01 1.230289274456150897e-02 1.525851677038922698e-03 4.379108853968740819e-03 -1.079253988357236510e-05 -4.720836809337139147e-04 -3.414177012724625997e-06
4.000000000000000000e+00 3.769850342367460083e-01 6.107731115646683126e-03 2.854657287613865391e-02 1.672974765263082482e-04 -3.034333304706379958e-07 -1.013742084288352623e-05 2.039474981805572485e-07
5.000000000000000000e+00 3.760957117461764532e-01 4.799150044776160501e-03 1.352140956141056460e-03 6.418217345029889141e-04 -5.444496530841242882e-07 -4.431577255892132781e-05 2.471146890767726937e-07
6.000000000000000000e+00 3.430393883408380251e-01 3.192744910792985700e-03 4.140068061595739146e-03 6.226734574030616271e-04 6.275440281401899548e-07 3.282854389471845949e-05 7.782684047819267930e-07
7.000000000000000000e+00 4.257536331966789711e-01 6.753655486809708765e-03 4.159513307435808854e-02 3.077135421107084472e-03 -3.244158616812758961e-05 -2.049130473729691081e-04 1.262881271458469865e-05
8.000000000000000000e+00 3.264104913411112197e-01 1.160552987261101725e-04 1.197300539158353263e-03 9.161463089193725112e-05 -2.725187642622658031e-08 -2.224713058970190369e-07 1.334135917948393277e-08
9.000000000000000000e+00 3.510095857050249402e-01 4.864817244395976993e-03 4.124977610993250075e-03 1.097489543752122479e-04 7.383852068114635822e-08 6.899457633810114717e-06 -8.444224070098260949e-10
0.000000000000000000e+00 5.216386759582508637e-01 6.258501540881020175e-03 5.173776064108734103e-04 4.048212159777447275e-04 8.186053036861649307e-08 1.044248614242782479e-05 1.662011322234584844e-07
1.000000000000000000e+00 3.567334605574229434e-01 4.226868639397456107e-02 3.040016607977145935e-04 1.066714602092185427e-03 -5.511380166949092711e-07 -1.036609767073649630e-04 -2.554252384074221485e-07
2.000000000000000000e+00 5.054226113245645635e-01 3.065370317208555850e-02 7.909373788813570810e-03 4.000535156223472902e-03 9.260725333591885878e-06 -4.884168797247229535e-04 -2.050956089223689830e-05
3.000000000000000000e+00 4.540002992295893991e-01 1.758656224381203309e-02 3.932105494111412351e-03 8.102406053143863807e-03 -3.814819059034387595e-05 -1.028664388753833909e-03 -2.522420194634199792e-05
4.000000000000000000e+00 4.918665932297655585e-01 1.020801960974858022e-02 7.167468316468583733e-02 6.302995506829592656e-04 -3.978381005551009669e-06 -6.335820445266791574e-05 -1.456056592559939390e-06
5.000000000000000000e+00 5.079719378335741942e-01 1.484433735785711805e-02 1.080058208339871673e-03 2.045609500238668946e-03 -2.199097982553913732e-06 -1.867206123087234739e-04 2.099797080519361419e-06
6.000000000000000000e+00 4.319619686857714691e-01 4.119190026017126825e-03 9.829318027608150224e-03 1.143615427187040469e-03 2.428765401057887187e-06 6.613671893707610957e-05 2.966927370082251023e-06
7.000000000000000000e+00 5.865642259255257063e-01 1.927239048626379347e-02 1.186306034620538963e-01 7.053705342949713290e-03 -2.030752966736864206e-04 -4.656870628703989930e-04 1.986141838526040863e-05
8.000000000000000000e+00 4.054174077853915925e-01 5.143830331076060507e-04 2.362438059883319782e-03 5.350220828877879297e-05 -1.901782519900858019e-08 -1.142253779566225006e-06 -3.579793005778487538e-10
9.000000000000000000e+00 4.612566145882981417e-01 8.626677755771031825e-03 1.027876057724943538e-02 1.038344183333416012e-03 1.993251687484567025e-06 9.302382590295468962e-05 2.744816508589114084e-06
0.000000000000000000e+00 5.049428338192418764e-01 5.988576301303599921e-03 5.361070619838144251e-04 5.596942016652880640e-05 3.052507805309951071e-09 -3.900394401074697590e-06 -9.202011885621173113e-09
1.000000000000000000e+00 3.516859679366005631e-01 5.006556351869063254e-02 7.461350965321584172e-05 6.509791267667764270e-04 -1.842528606886057550e-08 -4.075334716319982018e-05 -1.422813482669782672e-07
2.000000000000000000e+00 5.133191328847597212e-01 2.599541357401874420e-02 3.748900986597763878e-03 5.538263453183087277e-03 5.831905889677834402e-06 -5.555143833993237985e-04 -2.455240853111753291e-05
3.000000000000000000e+00 4.773610475856792101e-01 2.249986137438094239e-02 4.044647722044701979e-03 1.048473165643855863e-02 -6.441993042368763362e-05 -1.570258954628788936e-03 -2.262436917537100409e-05
4.000000000000000000e+00 4.505765163975697929e-01 4.280890695257862436e-03 6.329466762441632310e-02 1.603142407549299321e-03 4.084014731385294492e-06 -7.772858119669444820e-07 -1.562390214373487083e-05
5.000000000000000000e+00 5.069292102333691208e-01 1.449366430742006322e-02 2.859919602742922676e-03 2.453242368336215271e-03 -4.477680918823092354e-06 -2.296608910458605973e-04 4.709130685990827562e-06
6.000000000000000000e+00 4.761352550203944434e-01 7.200845682517215476e-03 1.025565131813922261e-02 2.514088037957417417e-03 8.135089776737265541e-06 1.947625369060683410e-04 9.838150153892474584e-06
7.000000000000000000e+00 5.863703915900203567e-01 1.603256616938313756e-02 1.226469597541067491e-01 7.785409316276233581e-03 -1.738883819319967435e-04 -8.483002450100265556e-04 1.662503569366704896e-04
8.000000000000000000e+00 4.232658009369603125e-01 8.856769364640550190e-04 1.475636168030364367e-03 1.183315767307857168e-04 -4.574766777686067826e-08 -3.008460886892993238e-06 -1.876604122632982460e-08
9.000000000000000000e+00 4.709048555985252404e-01 4.911744194109674520e-03 1.020994146444474497e-02 1.547253174642681996e-03 2.747819720682427911e-06 9.519363328953301859e-05 5.501659453972190079e-06
0.000000000000000000e+00 5.718361907493523244e-01 1.179921665378441675e-02 1.634827011255539841e-03 3.210206169282315224e-04 1.486027968429828312e-07 -2.459097505826921297e-05 -1.788894348365967278e-07
1.000000000000000000e+00 3.393438141913467931e-01 4.316429946908429544e-02 3.095418454118595980e-03 9.352016388266208135e-04 -1.582096236064114852e-06 -1.251318053959594024e-04 -1.697204107443732079e-07
2.000000000000000000e+00 5.428722391374208867e-01 3.069084081643574588e-02 1.118960204785085510e-02 1.084100277795368127e-02 -2.136301338814858666e-05 -4.588395148304191839e-04 -1.174753288450743088e-04
3.000000000000000000e+00 4.946474073931382831e-01 2.688407211719455805e-02 3.959871227311789407e-03 9.935674160348285239e-03 -4.909377964685506370e-05 -1.520992747346520697e-03 -3.838939849878830377e-05
4.000000000000000000e+00 5.106093163035307914e-01 7.723128902137683244e-03 8.857550721930845805e-02 6.464825038699350147e-04 -3.461257089980224525e-06 -5.177406467804919433e-05 3.457162688022187054e-06
5.000000000000000000e+00 5.298681704007147664e-01 2.930225626231661509e-02 2.273901315759042918e-02 1.001958267183988751e-03 -4.659139461926022892e-06 -1.633698085941656512e-04 1.079482094280861780e-06
6.000000000000000000e+00 4.755097967282816418e-01 6.452159961444267795e-03 1.533349364011589791e-02 4.115191046008938661e-03 2.389416873502179294e-05 2.693423924959936029e-04 2.230826626406210949e-05
7.000000000000000000e+00 6.076999679999999238e-01 1.746723193382510031e-02 1.420772727360324617e-01 8.149440958223090267e-03 -2.584037265443958121e-04 -8.112047671704055926e-04 1.006194726754751833e-04
8.000000000000000000e+00 4.120668277326826612e-01 1.150589692659868520e-03 2.698636899687565684e-03 1.950387349499287950e-04 -1.410249753418137625e-07 -6.586201565137530411e-06 1.157317668346140266e-08
9.000000000000000000e+00 4.832380086555400078e-01 1.252739151483457485e-02 1.138162540706759082e-02 9.415819829146171395e-04 3.081105469337299810e-06 1.019995262715992944e-04 8.941192563470624490e-08
0.000000000000000000e+00 7.283584160961460441e-01 2.905654659423112605e-03 1.825748272791205291e-03 5.763938695093276257e-04 3.583668459297391921e-07 2.767946688552723895e-05 4.703141168902344690e-07
1.000000000000000000e+00 6.364751264734954672e-01 1.348741115643635191e-01 2.142552010536742380e-01 3.851247343514251770e-02 1.274475747228259693e-03 -4.973994626180535186e-03 3.257977987225969384e-03
2.000000000000000000e+00 7.807233534744829617e-01 5.257190644732349927e-02 3.852439320639378106e-02 1.105052990637887984e-02 -1.669441581834609921e-04 -7.107063790539624483e-04 -1.552916433636055554e-04
3.000000000000000000e+00 6.539087840580588562e-01 3.536945362746515137e-02 8.363924126100957812e-03 1.719683917221406788e-02 1.584882488525799589e-04 -6.754259959561662854e-04 -1.319750316545756580e-04
4.000000000000000000e+00 5.039030000000002119e-01 7.401981409000011995e-03 6.468312056748466710e-02 1.465758042060684527e-03 8.450336342150622067e-06 -1.198052800925766370e-04 -1.150154862108257469e-05
5.000000000000000000e+00 6.277504488881922029e-01 1.740269925883546759e-02 4.810630927263640638e-03 1.132806534585270889e-03 -1.529314038443582907e-06 1.493863732282404641e-04 -2.157380615120462875e-06
6.000000000000000000e+00 5.735750473812019079e-01 1.549112111025430878e-03 1.348828955146762210e-02 3.717512024880671381e-03 -4.030973574101044351e-06 1.194730120600504268e-04 2.601385404321199151e-05
7.000000000000000000e+00 6.812727745865152507e-01 3.621583315592448275e-03 2.195162649800994070e-01 1.566299465536928961e-02 -8.075923401080047906e-04 -7.074681852303075971e-04 -4.373857549026362659e-04
8.000000000000000000e+00 5.192638975916421540e-01 6.992554434153800151e-04 2.152046627913754753e-03 7.035421223192399494e-04 -7.620047897037748757e-07 -1.839105696035416536e-05 -4.108077721540007824e-07
9.000000000000000000e+00 5.964839650145772332e-01 8.268117842055597300e-03 5.649335472249722087e-03 2.722531680354715530e-03 -1.056002256245616283e-05 -1.366947654330303837e-04 1.577624854382832522e-06
0.000000000000000000e+00 5.687930205046545229e-01 1.327328949183594758e-02 3.310599578701229305e-04 6.212396314109541674e-06 4.804007935727087097e-11 -2.800528413591827914e-07 -2.776098336141576542e-10
1.000000000000000000e+00 3.448426055712399130e-01 5.296553837140106219e-02 1.554211722760534802e-03 3.691120819880556124e-04 8.741878058691489245e-08 -8.120994492737216241e-05 2.655523132323552905e-07
2.000000000000000000e+00 7.362578189723307798e-01 1.952618079856036082e-02 5.358894025423553351e-03 1.220306708311223558e-02 -3.240861461157247038e-06 1.218507827753601523e-03 -9.862948210651492739e-05
3.000000000000000000e+00 6.432793428712976214e-01 3.253518171381647971e-03 9.987075429337941707e-03 2.030458566144910382e-02 2.868634367623708933e-05 -1.144727549547793453e-03 -2.877149193397179634e-04
4.000000000000000000e+00 4.146421836150759876e-01 3.380797088095655392e-03 4.560842012540854140e-02 1.831138926077026212e-03 -2.769825747060809817e-06 -1.036636731063539526e-04 -1.650335941636050865e-05
5.000000000000000000e+00 6.729726791381835938e-01 5.075307563856767956e-03 5.678813530476393284e-03 4.783674006911378500e-03 1.013412273743550187e-05 -3.169460870032006754e-04 2.278035121736590553e-05
6.000000000000000000e+00 5.024285386336393433e-01 6.933778648527994144e-03 5.580106496958028156e-03 1.776496499603290400e-03 -3.880205227267132313e-06 1.419788722126744964e-04 4.028518825053742173e-06
7.000000000000000000e+00 7.639567360969756749e-01 5.682911925513031010e-02 3.010206168206557842e-01 1.532385246330828302e-02 -9.896356924455340653e-04 -2.790538071256027514e-03 3.221799746283296136e-04
8.000000000000000000e+00 4.411545622924548660e-01 2.911943077815329871e-03 2.194693204784468627e-03 2.307365325229786431e-04 -1.457262217407425663e-07 -6.408015921961732157e-06 -7.565748846670935423e-08
9.000000000000000000e+00 5.427902255196849213e-01 1.098410740525367774e-02 7.228959073392268470e-04 1.023894439569670613e-03 -8.374388496936356183e-07 -7.325133660018412051e-07 2.732393088127152565e-07
0.000000000000000000e+00 3.887611613296383384e-01 4.071060358640222164e-03 1.343010869267338508e-04 2.029061458535283839e-05 -5.405939703345767687e-10 1.181140185508371159e-06 9.108713055748615757e-10
1.000000000000000000e+00 2.943467147731584910e-01 3.826671914887734560e-02 1.690632240938439628e-04 1.572163144849332735e-04 -2.382692556754884263e-08 -2.417802795765806422e-05 -9.446810885922814774e-09
2.000000000000000000e+00 5.446028065611534519e-01 4.415639534543448763e-02 3.525074602867234869e-03 6.327446547230100235e-03 2.987758214703221157e-05 3.865644062299601461e-04 5.786470862401751078e-07
3.000000000000000000e+00 4.164147175751949925e-01 9.568796815992696228e-03 8.379629483875444471e-03 1.046834102479982098e-02 5.141568862510061507e-05 -5.802706262365873524e-04 -8.348302231372386681e-05
4.000000000000000000e+00 3.313413746017296879e-01 1.222391324993385040e-03 1.352389726740104055e-02 2.078151575576821317e-03 -1.099124982958946222e-05 6.686351234154551805e-05 -7.540716576177590260e-07
5.000000000000000000e+00 3.568944166339228508e-01 1.290264937106697443e-02 2.792764091816710148e-03 4.037081397783874506e-04 -4.086425894651160680e-07 -4.575147107274700925e-05 1.294805799411449000e-07
6.000000000000000000e+00 3.800197187928671672e-01 5.141194354859003265e-03 5.746277914557118560e-03 1.587997637831025039e-03 -4.580046251324955237e-06 9.943774038653856704e-05 1.426258360532835334e-06
7.000000000000000000e+00 6.305150631681244455e-01 7.688207145569754021e-03 1.862847145410777561e-01 3.847199932189501737e-02 2.368874083922413269e-03 2.573674611746044200e-03 -2.235150487642943804e-03
8.000000000000000000e+00 3.097252518514549413e-01 3.754968819997488551e-04 4.180204046227347986e-04 4.846719804445449501e-05 3.208228037595719055e-09 3.342968914500667948e-08 6.107378244663807738e-09
9.000000000000000000e+00 3.966440429687499991e-01 1.426958324670789908e-03 6.110365596247457204e-03 1.304259880797257500e-03 -3.003972945916712380e-06 5.724915080499352698e-06 -2.129089447089571214e-06
0.000000000000000000e+00 2.428656642788189490e-01 1.705585929503343294e-04 3.116159367077819548e-05 7.684063846366576565e-06 -6.140386082241744288e-11 9.732450122827319162e-08 1.018219764203566376e-10
1.000000000000000000e+00 2.258822634796623374e-01 7.679952914845198167e-03 3.284404661983136593e-03 4.562482857588989380e-04 3.416573169759023479e-07 -2.229387512790420280e-05 4.418173982242265678e-07
2.000000000000000000e+00 2.995356446557236874e-01 4.169977023033892560e-03 3.721347575515751658e-04 1.378069512358207451e-04 -2.320967685833251566e-08 -1.455550421224430405e-06 -2.086166829106509639e-08
3.000000000000000000e+00 2.906163546205861037e-01 6.390437566838665529e-04 1.671034233446942231e-04 6.673685709952857734e-04 -1.903356337042328373e-07 -1.668052523658718046e-05 -1.159354310703645495e-07
4.000000000000000000e+00 2.314905470373301577e-01 5.379731687248505726e-04 4.027941569230308015e-03 1.026508327134424453e-04 2.642232213211747937e-08 -3.874962521303357707e-07 6.048711160009320681e-08
5.000000000000000000e+00 2.896080922976933536e-01 1.633639591434848893e-03 2.602721020420161444e-04 3.005417428469484787e-05 2.626157913592888720e-09 5.969799148517502277e-07 4.108288027888189077e-10
6.000000000000000000e+00 2.409666342183881538e-01 1.315614198663812287e-04 1.965994203479264079e-04 1.001619538924000918e-04 -7.971964461320290540e-09 6.178829567417306059e-07 1.157600760353783461e-08
7.000000000000000000e+00 2.891461857798414137e-01 1.070459617355158655e-02 8.897649787257619000e-03 1.146393012521199030e-03 -2.400486476276987184e-06 -9.924954105813073735e-05 2.764587665015179898e-06
8.000000000000000000e+00 2.328549431434697725e-01 7.455565107797639050e-06 6.099963353698393810e-05 1.010986467083823177e-05 -1.789156033887582821e-10 -2.648460515354960170e-08 -1.761292738515571895e-10
9.000000000000000000e+00 2.480832094832137180e-01 2.113075404623519164e-04 5.034355780027005662e-06 7.542287319142573809e-05 -1.454695625616162912e-09 -9.016287784555782277e-07 2.094218394050941993e-10
0.000000000000000000e+00 4.687225906937211306e-01 1.068829279089553858e-03 2.452112547907804412e-04 4.470337139198031582e-05 4.308343812901023167e-09 2.306571108782892843e-07 1.828682646917060586e-09
1.000000000000000000e+00 4.054657100728695784e-01 4.430133273599216881e-02 3.290368857394576890e-03 6.153144401036591887e-04 8.453376268674141371e-07 -6.962656414177187186e-05 2.279171163033801356e-07
2.000000000000000000e+00 5.039114308382302010e-01 2.568158648101872762e-02 3.678925605815208753e-03 1.749405103047341377e-03 -3.562949974229336741e-06 -2.803286016263476345e-04 2.646134660346060719e-06
3.000000000000000000e+00 4.741654036751478674e-01 8.006563089503737282e-03 3.865490896375315625e-03 6.286785660402017389e-03 -1.631557437560069969e-05 -5.333288051698371760e-04 -2.634932823594808685e-05
4.000000000000000000e+00 3.159364443331385552e-01 2.458366122361027584e-03 1.810836735676633197e-02 2.303299313246564564e-04 3.886278529405922858e-07 -3.138678862691665816e-06 -2.650328550599992265e-07
5.000000000000000000e+00 4.516508314344618302e-01 7.031252073773676392e-03 8.871690129269785958e-05 5.547103710127649235e-04 3.616115730786384150e-08 4.248696805975942881e-05 -1.176228593875007239e-07
6.000000000000000000e+00 3.773736273498303762e-01 2.740630736442110720e-04 1.529378917321163548e-03 9.210166044453379445e-04 -5.628674965387723323e-07 1.507560819313907232e-05 9.370386525525864133e-07
7.000000000000000000e+00 5.475421344543484059e-01 6.768758159422255671e-02 7.945028267302328695e-02 9.152355793093836303e-03 -1.622379632481999248e-04 9.222540745495573468e-04 -1.859828461850281979e-04
8.000000000000000000e+00 3.783351751075523239e-01 3.403822766733814384e-04 2.199711816469222608e-04 4.145604840368779365e-05 2.441341474615146179e-09 -5.043498814044300469e-07 -3.116413783215063561e-09
9.000000000000000000e+00 3.900489563226353651e-01 7.407780378165171580e-04 7.343948763583439416e-04 7.812104633339540588e-04 -5.796158335895045141e-07 1.931842110346992497e-07 -1.190759772178728581e-07
0.000000000000000000e+00 8.700104207445866766e-01 2.126510667908955432e-03 3.088300743166311896e-03 1.439857495796276979e-03 -2.684159055818175258e-06 -6.560820302956006883e-05 -1.419214322110438666e-06
1.000000000000000000e+00 1.099423798805039043e+00 3.081775914134523564e-01 1.254884416534635339e+00 1.633362559885398746e-01 -2.941098586581158622e-02 -6.862712442527695023e-02 6.784750268294327535e-02
2.000000000000000000e+00 8.922704390026061638e-01 6.065213814045157525e-02 3.541430226985595869e-02 7.577026722605506408e-03 -4.793081009738310615e-05 8.965962624115221373e-05 -1.144906735201287713e-04
3.000000000000000000e+00 8.564776909871734123e-01 1.216808107699092825e-02 1.310841639618563065e-02 3.090788433324554232e-02 2.208185068891044332e-04 -1.517604224667919990e-03 -5.816194277593341551e-04
4.000000000000000000e+00 5.154876670223037527e-01 9.798947399408392336e-03 8.305289740776912455e-02 5.882093700687044541e-03 1.273540340991458303e-04 -4.181399790206585853e-05 2.614262261496981576e-05
5.000000000000000000e+00 7.428071194626904017e-01 6.873011546568955077e-03 3.307587877577172243e-03 1.170246200080626159e-02 9.093278731194032237e-06 9.086335457258786028e-04 -7.223664535052227976e-05
6.000000000000000000e+00 6.648430925936525959e-01 6.396128665593562093e-03 2.897971905392458802e-02 6.715867605235783730e-03 8.762612224993031665e-05 5.202485750539677248e-04 3.316267782972258610e-05
7.000000000000000000e+00 1.029859151499654235e+00 1.245193076712576841e-01 6.802918633258733250e-01 8.194731527280935124e-02 -1.230464314766390246e-02 -2.402417085628702834e-02 1.493199253440298697e-02
8.000000000000000000e+00 6.655145772594750486e-01 3.693825508504146315e-03 8.764398224345519009e-04 2.095615304523188675e-03 9.030336140590340019e-09 -1.079283506837429231e-04 -2.840051386075847322e-06
9.000000000000000000e+00 7.396405998203059440e-01 2.310485517423308682e-02 2.420014066667226793e-02 7.958470807327027753e-04 -9.038404335586611706e-07 1.197181432977090069e-04 3.373660044020027560e-06
